Sample	1.0	2.0	3.0	4.0	5.0	6.0	7.0	8.0	9.0	>10	>50	>100	>500	>1k	>5k	>10k+
N1010_N1_RNA_S38_L001_R1										14.366229449429166	3.6110423511325687	5.018368073748295	1.4045706713377424	2.6560342999816857	0.9217965546820972	0.9862168949063768
N1010_N1_RNA_S38_L001_R2										12.090140940002984	2.9332699256047845	4.260162017732127	1.3058964878815413	2.905304000652055	0.6402698728681475	0.879973118937313
N1010_U2_RNA_S39_L001_R1										14.431263779385493	3.842592615316281	5.4642023851601	1.5057332968528105	2.7151958516015364	0.9273519543936284	0.9244946100953197
N1010_U2_RNA_S39_L001_R2										12.44673425065359	3.1402479973063455	4.800076974009609	1.4556869336668212	2.9393836818741463	0.6388710913115775	0.8899370286569244
N109_N1_RNA_S40_L001_R1										14.129308687811925	3.5816179183488095	5.131964021671907	1.501294442395288	2.6256219695486043	0.9122175145375182	1.1021699903017548
N109_N1_RNA_S40_L001_R2										11.833990700732322	2.9413546923161062	4.439557261156265	1.3506060755760192	2.9367102560757754	0.6036402813997511	0.9010725090472278
N109_U1_RNA_S41_L001_R1										13.798292521190767	3.3495163972924	5.0169008068322265	1.40164813017237	2.61432640935298	0.7741459208363858	0.7199407414557599
N109_U1_RNA_S41_L001_R2										11.667483685241724	2.8492083584870005	4.296096535570877	1.387531659881795	2.7682970925934884	0.3808314377001086	0.7724692176839899
N11_N1_RNA_S2_L001_R1										15.392846055894067	3.971648906398613	5.92572153873566	1.7608349971674522	2.8979937560760396	0.9255058575654997	0.7999664470442928
N11_N1_RNA_S2_L001_R2										13.440099560349953	3.3862083616840155	5.156664832080689	1.6458664809712795	2.938603590421453	0.6880958190972668	0.7343370766496646
N11_U1_RNA_S3_L001_R1										15.016296423974243	4.042133316197809	6.275478959183775	2.004804777740093	3.462458841152971	1.2332767013173567	1.051158543703704
N11_U1_RNA_S3_L001_R2										12.812569126224496	3.3710639419113635	5.664234461394662	1.9370007214347895	3.5505445512651446	0.9322182262693518	1.0616535301595147
N12_N1_RNA_S4_L001_R1										14.853616682886663	3.945410418364903	5.781375809613715	1.751347394787293	3.0284375706842273	1.1821173119414605	1.101055137383187
N12_N1_RNA_S4_L001_R2										12.698969439499635	3.343307131599099	5.121635913224627	1.5919818146088796	3.315780557307921	0.8283476871450303	0.9837039714988166
N12_U2_RNA_S5_L001_R1										15.306852660215261	3.9223713003470793	5.8577754649120415	1.5862151172070176	2.7184659577245593	1.158312202202409	1.1359989663375174
N12_U2_RNA_S5_L001_R2										13.022137451785646	3.4480449481096906	4.950417430399504	1.5168201181909535	3.118216321272229	0.8153635992148461	0.9729313586477957
N21_N1_RNA_S6_L001_R1										14.379120261070854	3.4777964781307555	4.857531556498527	1.4802309684255754	3.2170179092259783	1.3548742891843677	1.724800330553718
N21_N1_RNA_S6_L001_R2										12.005686575832781	2.8991297405189043	4.0566496058205805	1.402908827021842	3.691157569407858	1.3083611353830797	1.559748102933952
N21_U2_RNA_S7_L001_R1										14.62286509020691	3.647259127382838	5.306162311571185	1.639181938105228	3.520086983271457	1.3180958447803635	2.2690676586897074
N21_U2_RNA_S7_L001_R2										12.08038194044374	3.067349824569079	4.588599910881402	1.538728854695045	3.933816920941475	1.4866158604746809	1.788402401781004
N22_N2_RNA_S8_L001_R1										15.48396745562852	3.8755280482789005	5.674128266076355	1.595093362020456	3.215760055714549	1.2215872895889237	2.1127533538420145
N22_N2_RNA_S8_L001_R2										13.125661347570352	3.305867638705942	4.6367971913323665	1.5248296422540801	3.501030737662441	1.3769640698135799	1.7267682524842194
N22_U1_RNA_S9_L001_R1										13.583820090184851	3.4443023220569433	5.303552387252573	1.8838863154202572	3.5104962369427386	1.1911020077983447	1.2964112280209403
N22_U1_RNA_S9_L001_R2										11.724187402248536	3.085222378630612	4.916448072051552	1.7908966545782727	3.800638464661988	1.039740244888012	1.2161214095637127
N33_N1_RNA_S10_L001_R1										14.49846381191287	3.684166929562058	5.1238609808912665	1.4337099777476645	2.1340976152110227	0.4926305273922645	0.2829564997511223
N33_N1_RNA_S10_L001_R2										12.428745496697454	3.065653613016727	4.5489323871041165	1.3530573273013424	1.9263265574226343	0.28005070782287317	0.3727034747506456
N33_U1_RNA_S11_L001_R1										13.720342911157916	3.5064879491043657	5.393784722510774	1.6370842928727185	2.6222705315148587	0.5595793005645792	0.37152264923490136
N33_U1_RNA_S11_L001_R2										11.780973391187361	3.071622964664001	4.952150003130779	1.6140593540267263	2.3683162456472973	0.34707281202701984	0.5194439475777716
N34_N1_RNA_S12_L001_R1										13.958058186502367	3.7667276091177726	6.318125477801597	2.117146771798064	3.3071009154783955	0.8110452239808323	0.4941447340540011
N34_N1_RNA_S12_L001_R2										12.206811997004884	3.3044926391897786	5.8315171588649495	2.106177118014386	3.0251750722450925	0.4347074227490821	0.6419258934694937
N34_U2_RNA_S13_L001_R1										15.847831881238436	4.288329857418202	6.777224803036976	1.9535727726579497	3.2745794837430307	0.8061888176896077	0.7834029061904638
N34_U2_RNA_S13_L001_R2										13.85963320700195	3.688215847438301	5.780146660984512	1.8587472785865262	3.093032844858875	0.574824972449461	0.7487329983020037
N43_N2_RNA_S14_L001_R1										14.653577306184207	3.609627473197352	4.948657180749782	1.2932866522082422	2.5145447122550193	0.7871742977897561	0.7704042686620807
N43_N2_RNA_S14_L001_R2										12.456605332653526	3.014957640918867	4.26799664749614	1.232580128890882	2.628188906887983	0.5839932057175509	0.7645340055361509
N43_U1_RNA_S15_L001_R1										14.666024509416214	3.794586957102585	5.569731140031102	1.6073093909832876	3.236923997432973	1.2390176800262231	1.334586285909167
N43_U1_RNA_S15_L001_R2										12.471851984283692	3.3018269611605042	4.748341825239408	1.537090934431666	3.529242761475373	1.0539753546578405	1.2184908641563363
N44_N1_RNA_S16_L001_R1										14.494827592282428	3.6841285464792097	5.352395031459448	1.6277893375756076	3.0826047222188997	1.4419940709694843	1.4904806559658967
N44_N1_RNA_S16_L001_R2										11.690786493369512	3.0309014058375645	4.414252661785521	1.5803875289636025	3.456918626297476	0.9837987997052217	1.3891338938066473
N44_U1_RNA_S17_L001_R1										14.446748250739914	3.8231081419167925	5.639331673470656	1.5409344485111882	2.8813655187830443	1.0469343906744295	0.991055325271651
N44_U1_RNA_S17_L001_R2										12.535986719771607	3.2708115176985157	5.015799354798361	1.564613692639548	3.200292889552483	0.7167917395880632	0.9881798634503475
N55_N2_RNA_S18_L001_R1										13.286981545139268	3.355973688530313	5.2214681986475036	1.8259243387139505	4.153290114910643	1.8543863012341666	3.8078644456109116
N55_N2_RNA_S18_L001_R2										11.303684082515465	2.8246733659320866	4.495793310248535	1.6286822741406766	4.788622889295394	2.1013078638463543	3.0298801194363048
N55_U1_RNA_S19_L001_R1										12.631639805566103	3.424522222025301	5.209255711125469	2.0049027766366097	4.665178951943914	2.444157916358439	4.104116716002122
N55_U1_RNA_S19_L001_R2										10.816842137030779	2.8356402115648254	4.721998222193606	1.8034970196341722	5.678492961936579	2.509681996948886	3.8628692266933844
N56_N2_RNA_S20_L001_R1										13.39188738167158	3.4800804579261553	5.177216963078666	1.6884840880343859	3.7398148839136294	1.8275267838591065	2.583106583636582
N56_N2_RNA_S20_L001_R2										11.699134553532401	2.9622970298489046	4.628835994871582	1.5565401599510875	4.5250259964571535	2.009574336112608	2.267875518248424
N56_U2_RNA_S21_L001_R1										14.201866113357845	3.7261371709041446	5.757988328847644	1.8099027268583492	4.130463862601064	1.7278987890375062	4.082257578937748
N56_U2_RNA_S21_L001_R2										11.911898787376138	3.0358870374650215	4.772398480611029	1.6789572896863916	4.7182410094827105	2.0795893627327766	3.2081961812086104
N65_N1_RNA_S22_L001_R1										13.488545389458729	3.2393982421374834	4.857467431766654	1.6347208620726958	3.356513317008897	1.2295424025406057	1.4882290270835576
N65_N1_RNA_S22_L001_R2										10.918203186876134	2.660797420008802	4.254836341372224	1.5168376613143049	3.738986419945033	0.9427386056108538	1.4644587720534021
N65_U2_RNA_S23_L001_R1										13.897949715598182	3.4360120129245963	4.99647859048927	1.5900862887655538	3.4878056048855433	1.1882644812561005	1.1972247358416994
N65_U2_RNA_S23_L001_R2										11.398991318544322	2.807705560064268	4.269733009307764	1.6352017201548281	3.6679943345575317	0.899012359533841	1.0996346410549624
N66_N2_RNA_S24_L001_R1										12.794949018109936	3.187142539804512	5.122823015842548	1.6844196975207937	3.30000728294448	1.0518281338664937	1.0858601788057654
N66_N2_RNA_S24_L001_R2										10.849869753120702	2.8187937730843453	4.589521797634423	1.6358940792301027	3.6547023938873746	0.7522093554855916	1.1171991663761125
N66_U2_RNA_S25_L001_R1										12.934047487326739	3.401743829060465	4.975474386645604	1.7203349871135836	3.6598476310196646	1.3484960482295585	1.3005755301165516
N66_U2_RNA_S25_L001_R2										11.217504494841931	2.912308609215617	4.533809056215983	1.69790047612224	4.224280377079969	1.033722434750308	1.5050040033702177
N77_N1_RNA_S26_L001_R1										13.478640670273844	3.4653596431662144	5.524826687438913	1.996878468493183	3.6576992703128703	1.456870418477062	1.4317881074478673
N77_N1_RNA_S26_L001_R2										11.716356007283437	3.042898420840503	5.034535835058327	1.7159617299912846	4.056744373762376	1.127503494399598	1.318796243720115
N77_U1_RNA_S27_L001_R1										13.38447998384254	3.6340201910684664	5.721697504910182	1.916763494312439	4.532360413003859	2.1569004189109062	3.3430196714081983
N77_U1_RNA_S27_L001_R2										11.547570304117444	3.087146695712429	4.8345762219954835	1.8137543426239588	5.3274250426825125	1.9829019663354324	3.1650000015993136
N78_N2_RNA_S28_L001_R1										14.417146873547665	3.700181045353792	5.539784592096457	1.7335312577627524	3.719200525553168	1.575263926893826	2.740781327967234
N78_N2_RNA_S28_L001_R2										12.285223482108645	3.1819652533484595	4.802074205061547	1.5831942418059228	4.322148811950723	1.694584576184998	2.4038237583049233
N78_U2_RNA_S29_L001_R1										14.365962689436982	3.9360055100527487	6.443714181363927	2.256595497713648	4.6478722950452465	1.6854929164175123	2.428819874395751
N78_U2_RNA_S29_L001_R2										12.124445340403327	3.2370499482714186	5.741020019657712	2.0686750459675287	4.899920628170562	1.6399363497868684	2.149563938920966
N87_N1_RNA_S30_L001_R1										14.064765353430603	3.8040392293555296	5.5552394244848005	1.7367089754978673	3.7258415946136587	1.4486362969592685	1.5338353916421474
N87_N1_RNA_S30_L001_R2										11.926782096028834	3.10235159794984	4.6544306219631455	1.7072207325589783	3.9451948793377807	1.2352324818999871	1.4298494550160126
N87_U1_RNA_S31_L001_R1										13.738352030740897	3.7053195413773796	5.814558065668924	1.904837556687907	4.3926253007327425	1.7622862187188868	2.357104407829378
N87_U1_RNA_S31_L001_R2										11.709536200749843	3.1767702286490866	4.9461630672565216	1.873753185945542	4.865113683617441	1.648663297397365	2.1162012202394753
N88_N1_RNA_S32_L001_R1										13.90297867977591	3.695673219909046	5.617425901982363	1.7925363983909957	4.0177925018084615	1.6259866374527077	2.226072848940623
N88_N1_RNA_S32_L001_R2										12.025856839725321	2.977447566518218	4.8308556539362275	1.7822012901512116	4.440961689027169	1.596036063786135	1.7948659951667056
N88_U1_RNA_S33_L001_R1										13.447817166643631	3.5604183276924184	5.16938113253741	1.6958775829110484	4.0721718668810425	1.6428367434461137	1.6970070197587852
N88_U1_RNA_S33_L001_R2										11.47113077257557	2.970596310240131	4.526163036070508	1.8231886038266727	4.367689896063974	1.4682997540615847	1.5797651043173009
N910_N2_RNA_S34_L001_R1										15.36715644117572	4.121591763301013	5.858349389486965	1.616780596146845	2.913924266646199	0.9065600563949758	1.2181227691292866
N910_N2_RNA_S34_L001_R2										13.29447236400563	3.2482854517711406	4.925830254050895	1.4457460429985902	3.1254863625099683	0.7758196747862653	1.006310142266349
N910_U2_RNA_S35_L001_R1										15.074586109646443	4.052109025511508	5.8169823037630914	1.6766223939631497	2.9845962890501827	0.9298992216967006	1.1240241531258184
N910_U2_RNA_S35_L001_R2										12.925187003929391	3.326345195578617	4.958608384911772	1.5569286329147507	3.249798189969977	0.7939416688255584	0.9404850601600585
N99_N1_RNA_S36_L001_R1										15.00199888746103	3.8927766984126846	5.568959498761724	1.5742576653874918	2.8045790144515483	0.8650066764446048	0.9702692811051514
N99_N1_RNA_S36_L001_R2										12.887713167107265	3.2427266879886076	4.691410882859373	1.4803663417818476	2.9224983779889846	0.6691139299077603	0.8667094652481376
N99_U1_RNA_S37_L001_R1										14.591101342584324	3.7495360888775355	5.064094885482804	1.6036740574865076	2.6933143743680454	0.9113278107639814	0.8746317944196056
N99_U1_RNA_S37_L001_R2										11.932438075561503	2.8980177763212236	4.360184936250784	1.438277148105282	2.767781693744938	0.4715025131932717	0.7454624332552524
U1010_N1_RNA_S80_L001_R1										13.498109240394118	3.4431591012135305	5.342373537872324	1.7157222600224804	3.4983880695784064	1.3181362001262755	2.0396487407010873
U1010_N1_RNA_S80_L001_R2										11.093291582407849	2.865007048375963	4.558017829847733	1.5788547754875444	3.9924725050157983	1.4281781405647336	1.4679510248481755
U1010_U1_RNA_S81_L001_R1										14.476420797246018	3.4482845458111004	4.7470431163361155	1.274924288434825	2.6510880408226356	0.9931672767381524	1.3235576383659207
U1010_U1_RNA_S81_L001_R2										11.87260221966683	2.6613125454923963	3.7571324356149907	1.2452058810963218	3.0432100247211045	0.7220279538787842	1.0757420185835391
U109_N2_RNA_S78_L001_R1										14.983658306187117	3.6323208317425295	5.025955615852141	1.3935203896707153	3.0624912909526514	1.270432637859085	2.124570973647144
U109_N2_RNA_S78_L001_R2										12.586459740704168	2.8930588191026834	4.063550606536065	1.3404666833441061	3.428907469053475	1.2944859225932435	1.7118339093887485
U109_U1_RNA_S79_L001_R1										15.206628739279468	3.9636179963822777	5.820178117045941	1.621564504235734	3.3273454094821346	1.5082609909298077	2.6463290749988064
U109_U1_RNA_S79_L001_R2										13.003168789318561	3.2973351940852056	4.795707505979648	1.5308495546520224	3.854369394955685	1.6452948912600744	2.2093970918457178
U11_N1_RNA_S42_L001_R1										13.185085823809978	3.122814862419691	4.505486816359986	1.349732031603285	3.241674136814389	1.2451402408709984	1.5169414123685352
U11_N1_RNA_S42_L001_R2										10.677879997209835	2.470494198803111	3.753335488399549	1.285645832574438	3.703876820369877	1.0382169252653204	1.2214887525276612
U11_U1_RNA_S43_L001_R1										13.529237169829011	3.404453138076423	5.139321507353236	1.7003809550256586	4.1027398397442525	2.026399374365052	2.8497426832826056
U11_U1_RNA_S43_L001_R2										11.383114107978969	2.8493779115630815	4.366281025649721	1.6511325967355712	4.812056887083722	1.9393120993232977	2.65263166137039
U12_N1_RNA_S44_L001_R1										13.243351943183912	3.2700035231531976	4.745023332394362	1.685235657639371	3.379629922049903	1.4935885686210904	2.299320977655967
U12_N1_RNA_S44_L001_R2										11.17238395553472	2.567644175051046	4.1603549640023285	1.4975946302224907	4.051521112351524	1.4052099089491925	1.8440582576660998
U12_U1_RNA_S45_L001_R1										13.584087326384026	3.3078912198637664	4.843463044348736	1.6493077102018312	3.3108642051640422	1.2533119447780916	1.6879718801568875
U12_U1_RNA_S45_L001_R2										11.234295299869787	2.5704062701833914	4.154976772568104	1.460483746328836	3.705340196760054	1.0612436334989654	1.4011647633619106
U21_N1_RNA_S46_L001_R1										13.693944230441177	3.3759541199556873	4.87928084042463	1.422244836674693	3.0051859593123664	1.1456612080252706	1.5345531516585555
U21_N1_RNA_S46_L001_R2										11.641176976365703	2.7965553335450326	4.246771063988382	1.3224309329187431	3.551394030415768	1.1231644534044933	1.134254139208066
U21_U2_RNA_S47_L001_R1										14.057980469802168	3.4906353687728258	5.335604742524618	1.6231851187797723	3.523513049901874	1.4403167901099525	2.3652849121178954
U21_U2_RNA_S47_L001_R2										11.870589627002898	2.9309127344203487	4.402872828498265	1.5079191941351187	3.9064259563157546	1.6618178499321605	1.7844336016429645
U22_N1_RNA_S48_L001_R1										13.759961365320164	3.4875388916667167	5.079899812513796	1.5510479411349656	3.4123695705453967	1.237383787806565	2.1232049306821352
U22_N1_RNA_S48_L001_R2										11.823881516750639	2.92599997232252	4.528096387595327	1.5109926482983436	3.8363075026295594	1.506823858557852	1.6061505398886746
U22_U1_RNA_S49_L001_R1										13.26025787250903	3.2665431477848657	4.940470313596483	1.6493686017098392	3.5511580680433323	1.3786630128290696	1.9639138379682854
U22_U1_RNA_S49_L001_R2										11.054841785319798	2.7912291739056205	4.31655833294788	1.5393521019551757	4.080792737688112	1.4072928216773333	1.4962719662754789
U33_N1_RNA_S50_L001_R1										13.286745218731491	3.324129313534707	4.942101038715096	1.507292609560254	3.476082867163451	1.4659228085080267	2.1727692758971013
U33_N1_RNA_S50_L001_R2										11.064336119403636	2.6026006837797806	4.006815023720104	1.3951195431801244	4.024194497918272	1.4466951715199727	1.8742628792379126
U33_U1_RNA_S51_L001_R1										11.409019190096416	3.328784775290798	5.817625502453182	2.1649942230066213	6.7359609238985065	3.7149504388113734	13.833433887329791
U33_U1_RNA_S51_L001_R2										10.195088638742957	2.8417335092467813	5.119386124149187	2.2056441083402754	7.639506576507606	5.194006348085183	14.29557290763922
U34_N1_RNA_S52_L001_R1										14.256298310546228	3.5088894409997953	4.770761238054017	1.46254756682304	3.4360724570342365	1.5685830418873503	1.8356198835936053
U34_N1_RNA_S52_L001_R2										11.85720240464121	2.693417434983851	4.015898137712237	1.3070578526018732	3.9804933888751615	1.3956904312093024	1.6941911764674882
U34_U1_RNA_S53_L001_R1										10.231335998727944	3.229207675024437	6.2473977246174845	2.401576808215919	7.241859272844296	3.924110479368877	15.655265537148628
U34_U1_RNA_S53_L001_R2										9.33721219407735	2.9557755171123428	5.769912710940905	2.6055395579933567	7.784933723566434	5.42137285765105	17.62263448669773
U43_N1_RNA_S54_L001_R1										13.10453939353144	3.4066815693259165	5.165928360528467	1.832910236034086	3.9897836960515582	1.3589267682796278	1.7618721729254414
U43_N1_RNA_S54_L001_R2										11.065937556889033	2.742944825991933	4.4966615258157585	1.7790896709869517	4.26485529083971	1.1782094189646997	1.6930992563170655
U43_U1_RNA_S55_L001_R1										13.311340621489062	3.5204393083073238	5.4108068476844	2.068179950792105	4.266804776712984	1.6488748175723058	2.6625254489028123
U43_U1_RNA_S55_L001_R2										11.33859934130195	2.9404388388502847	4.717977700690379	1.9899302706187758	4.76208002676244	1.689992443492164	2.427870156111235
U44_N1_RNA_S56_L001_R1										13.502549863014792	3.4078810079481077	5.329001462486056	1.892819347152714	4.431715902095325	1.6664216158779241	2.044718456835402
U44_N1_RNA_S56_L001_R2										11.160822042319515	2.904001034113825	4.617312090216892	1.85038224049295	4.7717295466524146	1.6075093932142681	1.75383578266354
U44_U1_RNA_S57_L001_R1										13.542447317718961	3.527820211610163	5.571029343998082	2.1043034819681896	4.8300225545292665	1.9615241261261531	2.854394178194953
U44_U1_RNA_S57_L001_R2										11.343279263926286	3.040389585749952	4.9512097900764065	1.9998671981808782	5.348916491771925	1.9753254754867406	2.541916752375369
U55_N2_RNA_S58_L001_R1										14.269373925776426	3.4346640945621494	4.774222232561674	1.3399530230327112	2.6856401628245634	1.1906076142098245	1.052642587572974
U55_N2_RNA_S58_L001_R2										12.304362912779803	2.7594902899883804	4.000866500439899	1.2177266375032394	3.1951130778159267	0.7406523281447203	1.0178156649208066
U55_U1_RNA_S59_L001_R1										14.14332256428074	3.345600777661434	4.377092580618028	1.2820518521678057	2.580313143267007	1.2004365956156817	1.2156203620291353
U55_U1_RNA_S59_L001_R2										11.762483751942874	2.7629029951549637	3.672473630144778	1.2314321359942524	3.1402473684614933	0.732580047596593	1.0937476397101764
U56_N1_RNA_S60_L001_R1										14.315669282970775	3.2949338180790195	4.551214291132968	1.1877360623837419	2.495192296129192	1.035446692723205	0.9115468319812361
U56_N1_RNA_S60_L001_R2										12.134446008419124	2.719423625296628	3.8833058161075953	1.1813923222619573	2.832103658385441	0.6724446641972444	0.8511986407830536
U56_U1_RNA_S61_L001_R1										13.692204836145915	3.2612597818287923	5.123444968969016	1.914387663523924	3.3751601558851143	1.280393842674275	1.2888075909847698
U56_U1_RNA_S61_L001_R2										11.501568133617011	2.781279749650909	4.662710551030388	1.7566059383712356	3.665467721044296	0.9546169332466863	1.1096607806800962
U65_N1_RNA_S62_L001_R1										14.10674424047516	3.390666641185433	4.7612173548120005	1.411156157355061	3.1586560579094605	1.3391699997432263	1.9381037747949401
U65_N1_RNA_S62_L001_R2										11.825817373230011	2.8075898497477465	3.9534823583428915	1.316162971112105	3.6934170699560966	1.3958735494710732	1.386636313666601
U65_U2_RNA_S63_L001_R1										13.874778879217914	3.4475520948169844	5.223824393007904	1.6695315548892	3.609308047402884	1.5887293481236144	2.3331743393661615
U65_U2_RNA_S63_L001_R2										11.69798402065226	2.866291993179584	4.505037025234009	1.541434762351506	4.100369035550287	1.5800303575099726	1.814070656782963
U66_N1_RNA_S64_L001_R1										13.994346411058109	3.370893775433923	4.780669655062606	1.4614912947568732	3.1712681604223323	1.3658829517552853	1.7615302558281667
U66_N1_RNA_S64_L001_R2										11.111209131798896	2.562611632620708	3.7596204131239928	1.2499985966421634	3.6570191422980276	1.1938099814668637	1.2305647494318677
U66_U1_RNA_S65_L001_R1										13.56676211746107	3.474475594370987	5.4039497176906535	1.7376773157171586	4.073781727992879	2.118321660683755	3.46558935877321
U66_U1_RNA_S65_L001_R2										11.483677185490073	2.9861689482795164	4.513014738658116	1.6393065306704049	4.8694239429150885	2.139042603479972	3.119045009169818
U77_N1_RNA_S66_L001_R1										13.857095940663122	3.4167953846610066	5.104056353089405	1.544844177513514	3.109793362781053	1.0279041285760817	1.247777517939896
U77_N1_RNA_S66_L001_R2										11.678863422524667	2.8417112978987036	4.3899727752357105	1.3739050889382878	3.4183124769532505	0.81112889825988	1.120875962175879
U77_U1_RNA_S67_L001_R1										12.548694238293628	3.2208360526046658	4.972802828386912	1.6501503554343637	3.7140246335023637	1.3273118720046868	1.4398301076904572
U77_U1_RNA_S67_L001_R2										10.666934773493272	2.6455985080286277	4.266484450367881	1.6434589688351375	4.040583562581671	0.9092076072787089	1.5484516466232923
U78_N1_RNA_S68_L001_R1										13.867515392670091	3.5689316866639285	5.5916944488491245	1.821038235312929	3.976821906246602	1.7945769235258768	2.5731405412307455
U78_N1_RNA_S68_L001_R2										11.827440628879817	3.1636507397552256	4.927330039861311	1.719658860766262	4.547681079487589	1.7106068507744285	2.4654260330183266
U78_U1_RNA_S69_L001_R1										14.635445673158523	3.617242792783679	5.486170136969496	1.8298699802316485	3.8800981274910216	1.6940037842313487	2.576839764144385
U78_U1_RNA_S69_L001_R2										12.025613882662922	3.0425377500094037	4.70436325849703	1.68170866551066	4.180126429163449	1.6215975879267237	2.150165523773685
U87_N1_RNA_S70_L001_R1										14.803949158886507	3.996232333937444	5.929792849829011	1.8427245708922555	3.7659732482959436	1.5059178689275179	2.6239436036338857
U87_N1_RNA_S70_L001_R2										12.570634794063315	3.2970847512683337	4.954742688063851	1.6518242461729997	4.177806792904096	1.6090135248070938	2.1012920374993955
U87_U1_RNA_S71_L001_R1										13.472146067092206	3.511863257424081	5.519352837916214	1.7988642973988025	4.179110480101919	2.3491738406928535	4.210780599626602
U87_U1_RNA_S71_L001_R2										11.608159867700559	2.9812791938297565	4.61668114025798	1.5738106873682354	5.053614578840078	2.8722033324270937	3.712887323686597
U88_N1_RNA_S72_L001_R1										13.68506429216158	3.4640604419712604	5.205978618104765	1.5829482538411006	3.933470158456309	1.8573786348307604	3.44683270880148
U88_N1_RNA_S72_L001_R2										11.271881203351304	2.8665362475353153	4.298041607978	1.5001459096407983	4.61410535795466	2.1286918041214307	2.8734135789138353
U88_U1_RNA_S73_L001_R1										13.465019219912255	3.49325863657682	5.620703526831609	1.8084229315074893	4.185796629096481	2.1079842142621197	4.699588542949777
U88_U1_RNA_S73_L001_R2										11.618926756690312	3.0401857862445003	4.723540148878883	1.602119793862936	4.885217764445423	2.7209313249754077	4.39522090547406
U910_N2_RNA_S74_L001_R1										13.934107769478551	3.4911579584097128	4.914195258665608	1.5325053147656937	3.6386301961506904	1.5796724628896646	3.1296337399552177
U910_N2_RNA_S74_L001_R2										11.507713076822785	2.704216990598879	3.9683950501369276	1.468455985840365	4.082550356030024	1.8321756871201003	2.472620474714583
U910_U2_RNA_S75_L001_R1										14.054152252010226	3.4673210093665294	5.1851961729580145	1.603640925081176	3.6354470201830904	1.4700612222994571	2.365761525845737
U910_U2_RNA_S75_L001_R2										11.988154582766008	2.872926527379423	4.446223964780533	1.5586278822583397	4.020565684136059	1.606747380264669	1.837468379173737
U99_N2_RNA_S76_L001_R1										11.498409061293454	2.7411424846541594	3.863551268915662	1.4832386261864294	3.5963572747637667	1.4585654084918254	1.5012839502327195
U99_N2_RNA_S76_L001_R2										9.543260353696907	2.0658539682787946	3.4865127918771446	1.499722904474157	4.178486752389188	1.0224557273895383	1.251861911245802
U99_U2_RNA_S77_L001_R1										14.646316355200712	3.700558655151339	5.422283770662144	1.6885612384052544	3.7623111027329017	1.8892083336933416	3.212813261906384
U99_U2_RNA_S77_L001_R2										12.466012756091601	2.9814120965016686	4.473568521910822	1.5801648051580255	4.354338410513018	2.0078436722682027	2.653762806319528
