	20.0	21.0	22.0	23.0	24.0	25.0	26.0	27.0	28.0	29.0	30.0	31.0	32.0	33.0	34.0	35.0	36.0	37.0
N1010_N1_RNA_S38_L001_R1	3.0	20.0	146.0	749.0	3032.0	11066.0	32600.0	82281.0	167585.0	294863.0	446334.0	639968.0	856914.0	1200012.0	1820455.0	4140040.0	23882464.0	4249329.0
	19.0	20.0	21.0	22.0	23.0	24.0	25.0	26.0	27.0	28.0	29.0	30.0	31.0	32.0	33.0	34.0	35.0	36.0	37.0
N1010_N1_RNA_S38_L001_R2	2.0	33.0	255.0	1247.0	4266.0	11484.0	27702.0	54785.0	104595.0	178062.0	292432.0	445094.0	673077.0	1006023.0	1661082.0	3107606.0	7439536.0	18755821.0	3469407.0
	20.0	21.0	22.0	23.0	24.0	25.0	26.0	27.0	28.0	29.0	30.0	31.0	32.0	33.0	34.0	35.0	36.0	37.0
N1010_U2_RNA_S39_L001_R1	1.0	10.0	109.0	694.0	2857.0	10885.0	30987.0	77310.0	157281.0	280143.0	427886.0	617658.0	831288.0	1162614.0	1741523.0	3870903.0	22766457.0	4271499.0
	19.0	20.0	21.0	22.0	23.0	24.0	25.0	26.0	27.0	28.0	29.0	30.0	31.0	32.0	33.0	34.0	35.0	36.0	37.0
N1010_U2_RNA_S39_L001_R2	2.0	46.0	265.0	1109.0	3678.0	9526.0	22651.0	44636.0	86293.0	148808.0	247721.0	379910.0	577789.0	862506.0	1422514.0	2686686.0	6783061.0	18990088.0	3411961.0
	21.0	22.0	23.0	24.0	25.0	26.0	27.0	28.0	29.0	30.0	31.0	32.0	33.0	34.0	35.0	36.0	37.0
N109_N1_RNA_S40_L001_R1	16.0	88.0	632.0	2604.0	9810.0	28287.0	73051.0	150477.0	267730.0	411709.0	594986.0	801938.0	1127575.0	1722012.0	3910423.0	21177023.0	3394145.0
	19.0	20.0	21.0	22.0	23.0	24.0	25.0	26.0	27.0	28.0	29.0	30.0	31.0	32.0	33.0	34.0	35.0	36.0	37.0
N109_N1_RNA_S40_L001_R2	7.0	40.0	270.0	1194.0	3895.0	10053.0	23500.0	47521.0	90684.0	157212.0	261896.0	402272.0	613723.0	927823.0	1546485.0	2911004.0	6930174.0	16518581.0	2641155.0
	20.0	21.0	22.0	23.0	24.0	25.0	26.0	27.0	28.0	29.0	30.0	31.0	32.0	33.0	34.0	35.0	36.0	37.0
N109_U1_RNA_S41_L001_R1	1.0	20.0	86.0	650.0	2734.0	10001.0	28350.0	71271.0	141785.0	249408.0	377186.0	540522.0	724732.0	1010444.0	1536820.0	3562965.0	20143753.0	3193424.0
	19.0	20.0	21.0	22.0	23.0	24.0	25.0	26.0	27.0	28.0	29.0	30.0	31.0	32.0	33.0	34.0	35.0	36.0	37.0
N109_U1_RNA_S41_L001_R2	3.0	26.0	211.0	1041.0	3449.0	9322.0	22644.0	45229.0	84900.0	143912.0	238387.0	361242.0	545117.0	815873.0	1350859.0	2538165.0	6175118.0	15883316.0	2878324.0
	21.0	22.0	23.0	24.0	25.0	26.0	27.0	28.0	29.0	30.0	31.0	32.0	33.0	34.0	35.0	36.0	37.0
N11_N1_RNA_S2_L001_R1	30.0	175.0	1051.0	4319.0	15400.0	43059.0	106305.0	209315.0	363767.0	545641.0	780056.0	1040196.0	1449461.0	2173385.0	4771857.0	29215650.0	6485399.0
	19.0	20.0	21.0	22.0	23.0	24.0	25.0	26.0	27.0	28.0	29.0	30.0	31.0	32.0	33.0	34.0	35.0	36.0	37.0
N11_N1_RNA_S2_L001_R2	6.0	42.0	264.0	1357.0	4649.0	11961.0	27951.0	55080.0	104875.0	181807.0	302893.0	463040.0	706945.0	1053546.0	1735149.0	3290458.0	8486399.0	24920888.0	5265549.0
	21.0	22.0	23.0	24.0	25.0	26.0	27.0	28.0	29.0	30.0	31.0	32.0	33.0	34.0	35.0	36.0	37.0
N11_U1_RNA_S3_L001_R1	22.0	182.0	975.0	4354.0	15500.0	43449.0	106494.0	212690.0	370324.0	556569.0	793868.0	1055606.0	1464571.0	2202818.0	4859362.0	27893997.0	5728870.0
	19.0	20.0	21.0	22.0	23.0	24.0	25.0	26.0	27.0	28.0	29.0	30.0	31.0	32.0	33.0	34.0	35.0	36.0	37.0
N11_U1_RNA_S3_L001_R2	5.0	50.0	331.0	1611.0	5129.0	13590.0	32553.0	64036.0	121853.0	207005.0	341841.0	516343.0	780218.0	1158623.0	1908123.0	3598496.0	8834844.0	22611802.0	4404390.0
	20.0	21.0	22.0	23.0	24.0	25.0	26.0	27.0	28.0	29.0	30.0	31.0	32.0	33.0	34.0	35.0	36.0	37.0
N12_N1_RNA_S4_L001_R1	1.0	19.0	128.0	844.0	3370.0	12294.0	34893.0	85400.0	168223.0	289610.0	435190.0	617226.0	823061.0	1146155.0	1718261.0	3807128.0	23289170.0	4778565.0
	19.0	20.0	21.0	22.0	23.0	24.0	25.0	26.0	27.0	28.0	29.0	30.0	31.0	32.0	33.0	34.0	35.0	36.0	37.0
N12_N1_RNA_S4_L001_R2	4.0	26.0	246.0	1118.0	3977.0	10692.0	25347.0	49982.0	95398.0	162730.0	270554.0	411988.0	625508.0	936127.0	1546404.0	2930006.0	7262724.0	18916591.0	3464203.0
	20.0	21.0	22.0	23.0	24.0	25.0	26.0	27.0	28.0	29.0	30.0	31.0	32.0	33.0	34.0	35.0	36.0	37.0
N12_U2_RNA_S5_L001_R1	1.0	23.0	179.0	1026.0	4207.0	15438.0	43629.0	106250.0	209381.0	362640.0	541938.0	769869.0	1020246.0	1408077.0	2089967.0	4525402.0	27349396.0	6297766.0
	19.0	20.0	21.0	22.0	23.0	24.0	25.0	26.0	27.0	28.0	29.0	30.0	31.0	32.0	33.0	34.0	35.0	36.0	37.0
N12_U2_RNA_S5_L001_R2	1.0	33.0	206.0	915.0	3202.0	8434.0	20635.0	41571.0	81426.0	144600.0	245033.0	381806.0	586803.0	877013.0	1438944.0	2741508.0	7439488.0	25106084.0	5279162.0
	20.0	21.0	22.0	23.0	24.0	25.0	26.0	27.0	28.0	29.0	30.0	31.0	32.0	33.0	34.0	35.0	36.0	37.0
N21_N1_RNA_S6_L001_R1	2.0	24.0	177.0	1050.0	4195.0	15194.0	41898.0	103494.0	204498.0	354639.0	526444.0	750413.0	1002489.0	1405628.0	2117259.0	4698724.0	26039277.0	4764695.0
	19.0	20.0	21.0	22.0	23.0	24.0	25.0	26.0	27.0	28.0	29.0	30.0	31.0	32.0	33.0	34.0	35.0	36.0	37.0
N21_N1_RNA_S6_L001_R2	6.0	52.0	372.0	1533.0	5252.0	13208.0	31137.0	60535.0	114129.0	193574.0	316857.0	477136.0	716378.0	1059452.0	1716282.0	3177213.0	7859774.0	21513948.0	3964729.0
	20.0	21.0	22.0	23.0	24.0	25.0	26.0	27.0	28.0	29.0	30.0	31.0	32.0	33.0	34.0	35.0	36.0	37.0
N21_U2_RNA_S7_L001_R1	2.0	15.0	136.0	935.0	3595.0	13471.0	37985.0	95669.0	190704.0	332486.0	498848.0	713928.0	955333.0	1333936.0	1994630.0	4392805.0	24740323.0	4804218.0
	19.0	20.0	21.0	22.0	23.0	24.0	25.0	26.0	27.0	28.0	29.0	30.0	31.0	32.0	33.0	34.0	35.0	36.0	37.0
N21_U2_RNA_S7_L001_R2	3.0	51.0	369.0	1449.0	5038.0	12943.0	31173.0	62603.0	118553.0	203031.0	333953.0	506926.0	763400.0	1133193.0	1855952.0	3448882.0	8216290.0	19224389.0	3365441.0
	20.0	21.0	22.0	23.0	24.0	25.0	26.0	27.0	28.0	29.0	30.0	31.0	32.0	33.0	34.0	35.0	36.0	37.0
N22_N2_RNA_S8_L001_R1	2.0	26.0	175.0	1085.0	4308.0	15566.0	44372.0	110966.0	220095.0	383307.0	575599.0	826327.0	1108712.0	1549402.0	2323787.0	5103960.0	29498387.0	5508166.0
	19.0	20.0	21.0	22.0	23.0	24.0	25.0	26.0	27.0	28.0	29.0	30.0	31.0	32.0	33.0	34.0	35.0	36.0	37.0
N22_N2_RNA_S8_L001_R2	4.0	38.0	313.0	1366.0	4841.0	12654.0	29871.0	59218.0	113498.0	195434.0	325617.0	497803.0	753513.0	1122561.0	1825592.0	3408194.0	8634468.0	25170702.0	4400833.0
	21.0	22.0	23.0	24.0	25.0	26.0	27.0	28.0	29.0	30.0	31.0	32.0	33.0	34.0	35.0	36.0	37.0
N22_U1_RNA_S9_L001_R1	20.0	127.0	830.0	3450.0	12524.0	35603.0	87665.0	172938.0	299071.0	443605.0	630591.0	843132.0	1176127.0	1767382.0	3897114.0	22314218.0	4396456.0
	19.0	20.0	21.0	22.0	23.0	24.0	25.0	26.0	27.0	28.0	29.0	30.0	31.0	32.0	33.0	34.0	35.0	36.0	37.0
N22_U1_RNA_S9_L001_R2	1.0	38.0	229.0	1105.0	3759.0	9534.0	23537.0	45968.0	87490.0	149214.0	244296.0	368630.0	555537.0	819180.0	1326268.0	2473631.0	6341315.0	19177781.0	3857962.0
	20.0	21.0	22.0	23.0	24.0	25.0	26.0	27.0	28.0	29.0	30.0	31.0	32.0	33.0	34.0	35.0	36.0	37.0
N33_N1_RNA_S10_L001_R1	3.0	14.0	123.0	671.0	2953.0	11091.0	31530.0	78058.0	155426.0	273352.0	414587.0	592168.0	796040.0	1122872.0	1747921.0	4273820.0	21803075.0	2870719.0
	19.0	20.0	21.0	22.0	23.0	24.0	25.0	26.0	27.0	28.0	29.0	30.0	31.0	32.0	33.0	34.0	35.0	36.0	37.0
N33_N1_RNA_S10_L001_R2	6.0	27.0	255.0	1126.0	3841.0	9969.0	23644.0	46299.0	88213.0	148453.0	246429.0	374861.0	567559.0	843769.0	1382757.0	2586345.0	6403698.0	17599244.0	3370943.0
	20.0	21.0	22.0	23.0	24.0	25.0	26.0	27.0	28.0	29.0	30.0	31.0	32.0	33.0	34.0	35.0	36.0	37.0
N33_U1_RNA_S11_L001_R1	1.0	12.0	91.0	453.0	2014.0	7385.0	21681.0	55846.0	113962.0	205565.0	317573.0	459955.0	625169.0	883248.0	1362386.0	3180062.0	17604994.0	2387470.0
	19.0	20.0	21.0	22.0	23.0	24.0	25.0	26.0	27.0	28.0	29.0	30.0	31.0	32.0	33.0	34.0	35.0	36.0	37.0
N33_U1_RNA_S11_L001_R2	5.0	36.0	216.0	829.0	2745.0	6843.0	16284.0	32292.0	62610.0	108550.0	183713.0	283180.0	435312.0	657860.0	1099798.0	2110007.0	5362048.0	14275931.0	2142119.0
	21.0	22.0	23.0	24.0	25.0	26.0	27.0	28.0	29.0	30.0	31.0	32.0	33.0	34.0	35.0	36.0	37.0
N34_N1_RNA_S12_L001_R1	16.0	114.0	702.0	2768.0	10448.0	29916.0	76203.0	153045.0	270080.0	410268.0	589574.0	793968.0	1109406.0	1686000.0	3790380.0	22100190.0	3615794.0
	19.0	20.0	21.0	22.0	23.0	24.0	25.0	26.0	27.0	28.0	29.0	30.0	31.0	32.0	33.0	34.0	35.0	36.0	37.0
N34_N1_RNA_S12_L001_R2	3.0	32.0	266.0	1116.0	3656.0	9347.0	21979.0	42658.0	80248.0	137550.0	228615.0	349645.0	531585.0	793473.0	1313046.0	2507154.0	6468012.0	18497961.0	3066604.0
	19.0	20.0	21.0	22.0	23.0	24.0	25.0	26.0	27.0	28.0	29.0	30.0	31.0	32.0	33.0	34.0	35.0	36.0	37.0
N34_U2_RNA_S13_L001_R1	1.0	1.0	21.0	131.0	866.0	3720.0	14137.0	41026.0	104819.0	213505.0	375805.0	568353.0	815884.0	1095648.0	1537779.0	2344112.0	5294936.0	29826513.0	5305279.0
	19.0	20.0	21.0	22.0	23.0	24.0	25.0	26.0	27.0	28.0	29.0	30.0	31.0	32.0	33.0	34.0	35.0	36.0	37.0
N34_U2_RNA_S13_L001_R2	6.0	54.0	240.0	1033.0	3850.0	10353.0	25344.0	51317.0	101464.0	179803.0	302590.0	464284.0	708929.0	1054180.0	1732254.0	3272277.0	8459157.0	25808900.0	4857193.0
	20.0	21.0	22.0	23.0	24.0	25.0	26.0	27.0	28.0	29.0	30.0	31.0	32.0	33.0	34.0	35.0	36.0	37.0
N43_N2_RNA_S14_L001_R1	3.0	18.0	144.0	790.0	3237.0	12331.0	35463.0	90031.0	179103.0	312891.0	473494.0	675898.0	901759.0	1264426.0	1924644.0	4349708.0	25323066.0	4765524.0
	19.0	20.0	21.0	22.0	23.0	24.0	25.0	26.0	27.0	28.0	29.0	30.0	31.0	32.0	33.0	34.0	35.0	36.0	37.0
N43_N2_RNA_S14_L001_R2	3.0	32.0	237.0	1075.0	3587.0	9680.0	22833.0	45477.0	86636.0	148622.0	248492.0	380181.0	581216.0	874049.0	1438014.0	2703550.0	6981280.0	22065241.0	4214714.0
	21.0	22.0	23.0	24.0	25.0	26.0	27.0	28.0	29.0	30.0	31.0	32.0	33.0	34.0	35.0	36.0	37.0
N43_U1_RNA_S15_L001_R1	18.0	125.0	708.0	3034.0	11553.0	34016.0	87635.0	178768.0	316861.0	477936.0	686283.0	923836.0	1301885.0	1992912.0	4627244.0	25050395.0	3467730.0
	19.0	20.0	21.0	22.0	23.0	24.0	25.0	26.0	27.0	28.0	29.0	30.0	31.0	32.0	33.0	34.0	35.0	36.0	37.0
N43_U1_RNA_S15_L001_R2	3.0	52.0	304.0	1247.0	4287.0	11084.0	26161.0	52603.0	101091.0	172767.0	285255.0	434009.0	653134.0	971734.0	1599492.0	3020792.0	7558917.0	20234409.0	3322342.0
	21.0	22.0	23.0	24.0	25.0	26.0	27.0	28.0	29.0	30.0	31.0	32.0	33.0	34.0	35.0	36.0	37.0
N44_N1_RNA_S16_L001_R1	11.0	96.0	566.0	2372.0	9168.0	27171.0	71185.0	148485.0	268323.0	412399.0	600035.0	809916.0	1132447.0	1703556.0	3822794.0	20664766.0	3138787.0
	19.0	20.0	21.0	22.0	23.0	24.0	25.0	26.0	27.0	28.0	29.0	30.0	31.0	32.0	33.0	34.0	35.0	36.0	37.0
N44_N1_RNA_S16_L001_R2	5.0	44.0	352.0	1414.0	4723.0	12182.0	29634.0	59364.0	113456.0	194943.0	320032.0	482379.0	726382.0	1086540.0	1805045.0	3349315.0	7432108.0	14390889.0	1995545.0
	20.0	21.0	22.0	23.0	24.0	25.0	26.0	27.0	28.0	29.0	30.0	31.0	32.0	33.0	34.0	35.0	36.0	37.0
N44_U1_RNA_S17_L001_R1	2.0	14.0	118.0	623.0	2602.0	10052.0	29327.0	75736.0	155996.0	275567.0	420280.0	604673.0	811925.0	1141701.0	1736807.0	3928356.0	22863937.0	3822649.0
	19.0	20.0	21.0	22.0	23.0	24.0	25.0	26.0	27.0	28.0	29.0	30.0	31.0	32.0	33.0	34.0	35.0	36.0	37.0
N44_U1_RNA_S17_L001_R2	1.0	40.0	231.0	1071.0	3512.0	9135.0	21773.0	43180.0	82262.0	141419.0	234883.0	358438.0	543101.0	811599.0	1335771.0	2540008.0	6584958.0	19338240.0	3306279.0
	21.0	22.0	23.0	24.0	25.0	26.0	27.0	28.0	29.0	30.0	31.0	32.0	33.0	34.0	35.0	36.0	37.0
N55_N2_RNA_S18_L001_R1	6.0	104.0	660.0	2738.0	10340.0	30629.0	81507.0	169005.0	298246.0	454061.0	651313.0	871342.0	1201866.0	1772602.0	3886778.0	21480955.0	3832172.0
	19.0	20.0	21.0	22.0	23.0	24.0	25.0	26.0	27.0	28.0	29.0	30.0	31.0	32.0	33.0	34.0	35.0	36.0	37.0
N55_N2_RNA_S18_L001_R2	3.0	46.0	257.0	1002.0	3497.0	8999.0	21351.0	41869.0	81065.0	141074.0	237169.0	364141.0	554338.0	824989.0	1349013.0	2527622.0	6425009.0	18321651.0	3191571.0
	19.0	20.0	21.0	22.0	23.0	24.0	25.0	26.0	27.0	28.0	29.0	30.0	31.0	32.0	33.0	34.0	35.0	36.0	37.0
N55_U1_RNA_S19_L001_R1	1.0	1.0	14.0	152.0	769.0	3317.0	12186.0	34262.0	88638.0	175444.0	303205.0	454200.0	646789.0	861321.0	1203819.0	1780291.0	3871499.0	19706013.0	3366872.0
	19.0	20.0	21.0	22.0	23.0	24.0	25.0	26.0	27.0	28.0	29.0	30.0	31.0	32.0	33.0	34.0	35.0	36.0	37.0
N55_U1_RNA_S19_L001_R2	6.0	54.0	378.0	1571.0	4888.0	12012.0	27976.0	53059.0	97358.0	164029.0	263914.0	392484.0	582909.0	842792.0	1346711.0	2451360.0	5976662.0	16355670.0	2878385.0
	20.0	21.0	22.0	23.0	24.0	25.0	26.0	27.0	28.0	29.0	30.0	31.0	32.0	33.0	34.0	35.0	36.0	37.0
N56_N2_RNA_S20_L001_R1	2.0	18.0	136.0	893.0	3589.0	12795.0	37103.0	92892.0	186430.0	322382.0	484630.0	688463.0	918179.0	1284188.0	1916199.0	4185431.0	22290614.0	3998543.0
	19.0	20.0	21.0	22.0	23.0	24.0	25.0	26.0	27.0	28.0	29.0	30.0	31.0	32.0	33.0	34.0	35.0	36.0	37.0
N56_N2_RNA_S20_L001_R2	5.0	54.0	375.0	1347.0	4710.0	11347.0	26383.0	51790.0	96314.0	162165.0	264005.0	395536.0	589032.0	858940.0	1376231.0	2527513.0	6372993.0	19090041.0	3591576.0
	20.0	21.0	22.0	23.0	24.0	25.0	26.0	27.0	28.0	29.0	30.0	31.0	32.0	33.0	34.0	35.0	36.0	37.0
N56_U2_RNA_S21_L001_R1	3.0	25.0	118.0	730.0	2940.0	10798.0	32353.0	83768.0	172506.0	307015.0	470560.0	684573.0	925020.0	1282813.0	1899778.0	4198535.0	23113002.0	3829803.0
	19.0	20.0	21.0	22.0	23.0	24.0	25.0	26.0	27.0	28.0	29.0	30.0	31.0	32.0	33.0	34.0	35.0	36.0	37.0
N56_U2_RNA_S21_L001_R2	5.0	48.0	334.0	1360.0	4446.0	11221.0	26482.0	52855.0	100625.0	172181.0	285337.0	435899.0	660114.0	983428.0	1613421.0	3006618.0	7256302.0	18511784.0	2976162.0
	20.0	21.0	22.0	23.0	24.0	25.0	26.0	27.0	28.0	29.0	30.0	31.0	32.0	33.0	34.0	35.0	36.0	37.0
N65_N1_RNA_S22_L001_R1	1.0	9.0	92.0	620.0	2465.0	9548.0	28220.0	73863.0	151330.0	270370.0	418419.0	611742.0	826014.0	1142743.0	1689294.0	3685349.0	20322760.0	3485610.0
	18.0	19.0	20.0	21.0	22.0	23.0	24.0	25.0	26.0	27.0	28.0	29.0	30.0	31.0	32.0	33.0	34.0	35.0	36.0	37.0
N65_N1_RNA_S22_L001_R2	1.0	7.0	57.0	365.0	1602.0	5179.0	13055.0	31007.0	60639.0	114922.0	194173.0	316807.0	472790.0	708153.0	1047599.0	1702150.0	3086224.0	6848163.0	14799117.0	2356852.0
	21.0	22.0	23.0	24.0	25.0	26.0	27.0	28.0	29.0	30.0	31.0	32.0	33.0	34.0	35.0	36.0	37.0
N65_U2_RNA_S23_L001_R1	17.0	123.0	595.0	2600.0	9430.0	28064.0	72862.0	149205.0	264877.0	404010.0	583738.0	790992.0	1116746.0	1691272.0	3801888.0	22605988.0	4186097.0
	19.0	20.0	21.0	22.0	23.0	24.0	25.0	26.0	27.0	28.0	29.0	30.0	31.0	32.0	33.0	34.0	35.0	36.0	37.0
N65_U2_RNA_S23_L001_R2	2.0	40.0	247.0	1180.0	3743.0	10124.0	24543.0	49432.0	96825.0	168554.0	283869.0	435551.0	665699.0	1000646.0	1664950.0	3123031.0	7377985.0	17239059.0	2955355.0
	20.0	21.0	22.0	23.0	24.0	25.0	26.0	27.0	28.0	29.0	30.0	31.0	32.0	33.0	34.0	35.0	36.0	37.0
N66_N2_RNA_S24_L001_R1	2.0	7.0	92.0	560.0	2250.0	8437.0	24785.0	63567.0	129763.0	225076.0	343533.0	492319.0	666575.0	940462.0	1420331.0	3149971.0	17758525.0	3078643.0
	19.0	20.0	21.0	22.0	23.0	24.0	25.0	26.0	27.0	28.0	29.0	30.0	31.0	32.0	33.0	34.0	35.0	36.0	37.0
N66_N2_RNA_S24_L001_R2	3.0	31.0	248.0	1027.0	3274.0	8602.0	20314.0	40596.0	77963.0	134391.0	221898.0	338786.0	515284.0	767009.0	1267329.0	2361959.0	5649125.0	14052516.0	2260268.0
	19.0	20.0	21.0	22.0	23.0	24.0	25.0	26.0	27.0	28.0	29.0	30.0	31.0	32.0	33.0	34.0	35.0	36.0	37.0
N66_U2_RNA_S25_L001_R1	1.0	1.0	23.0	111.0	650.0	2643.0	9859.0	29133.0	74573.0	152349.0	267677.0	406245.0	585162.0	789530.0	1107076.0	1653919.0	3634954.0	19426995.0	3410806.0
	18.0	19.0	20.0	21.0	22.0	23.0	24.0	25.0	26.0	27.0	28.0	29.0	30.0	31.0	32.0	33.0	34.0	35.0	36.0	37.0
N66_U2_RNA_S25_L001_R2	1.0	3.0	41.0	279.0	1213.0	3877.0	9253.0	22096.0	43781.0	84590.0	141995.0	234578.0	350334.0	520039.0	757100.0	1208483.0	2211481.0	5538556.0	16387589.0	3193394.0
	20.0	21.0	22.0	23.0	24.0	25.0	26.0	27.0	28.0	29.0	30.0	31.0	32.0	33.0	34.0	35.0	36.0	37.0
N77_N1_RNA_S26_L001_R1	1.0	10.0	136.0	785.0	3276.0	11972.0	34399.0	85958.0	169848.0	293423.0	437621.0	621061.0	826500.0	1153029.0	1723319.0	3797319.0	21392800.0	4364984.0
	19.0	20.0	21.0	22.0	23.0	24.0	25.0	26.0	27.0	28.0	29.0	30.0	31.0	32.0	33.0	34.0	35.0	36.0	37.0
N77_N1_RNA_S26_L001_R2	2.0	47.0	283.0	1236.0	4068.0	10733.0	25248.0	49840.0	94021.0	160369.0	264123.0	399240.0	601571.0	894688.0	1463446.0	2731587.0	6675717.0	17571080.0	3338371.0
	21.0	22.0	23.0	24.0	25.0	26.0	27.0	28.0	29.0	30.0	31.0	32.0	33.0	34.0	35.0	36.0	37.0
N77_U1_RNA_S27_L001_R1	19.0	110.0	615.0	2450.0	9583.0	28639.0	76941.0	160287.0	282728.0	430518.0	624812.0	847125.0	1197078.0	1809143.0	4060180.0	20635208.0	3171353.0
	19.0	20.0	21.0	22.0	23.0	24.0	25.0	26.0	27.0	28.0	29.0	30.0	31.0	32.0	33.0	34.0	35.0	36.0	37.0
N77_U1_RNA_S27_L001_R2	6.0	67.0	406.0	1581.0	5198.0	12520.0	29080.0	56933.0	106564.0	180383.0	295416.0	444223.0	670104.0	986775.0	1604658.0	2928733.0	6713467.0	15531363.0	2644380.0
	21.0	22.0	23.0	24.0	25.0	26.0	27.0	28.0	29.0	30.0	31.0	32.0	33.0	34.0	35.0	36.0	37.0
N78_N2_RNA_S28_L001_R1	13.0	132.0	731.0	3183.0	11851.0	35730.0	93086.0	191931.0	337350.0	512114.0	740055.0	993408.0	1379367.0	2045178.0	4474009.0	23440273.0	4129617.0
	19.0	20.0	21.0	22.0	23.0	24.0	25.0	26.0	27.0	28.0	29.0	30.0	31.0	32.0	33.0	34.0	35.0	36.0	37.0
N78_N2_RNA_S28_L001_R2	7.0	58.0	361.0	1363.0	4238.0	11041.0	25783.0	51259.0	97331.0	167345.0	275332.0	412992.0	614073.0	893721.0	1420330.0	2610848.0	6634961.0	20310582.0	3922073.0
	20.0	21.0	22.0	23.0	24.0	25.0	26.0	27.0	28.0	29.0	30.0	31.0	32.0	33.0	34.0	35.0	36.0	37.0
N78_U2_RNA_S29_L001_R1	2.0	13.0	157.0	873.0	3763.0	14273.0	41488.0	105380.0	211596.0	366472.0	547401.0	780350.0	1041519.0	1457247.0	2178457.0	4792787.0	26522785.0	4994111.0
	19.0	20.0	21.0	22.0	23.0	24.0	25.0	26.0	27.0	28.0	29.0	30.0	31.0	32.0	33.0	34.0	35.0	36.0	37.0
N78_U2_RNA_S29_L001_R2	7.0	69.0	419.0	1640.0	5168.0	13554.0	32046.0	62371.0	118923.0	201358.0	328589.0	492689.0	737532.0	1088722.0	1753837.0	3214553.0	7845208.0	22028841.0	4222516.0
	21.0	22.0	23.0	24.0	25.0	26.0	27.0	28.0	29.0	30.0	31.0	32.0	33.0	34.0	35.0	36.0	37.0
N87_N1_RNA_S30_L001_R1	8.0	120.0	649.0	2707.0	10268.0	30526.0	79863.0	164855.0	289470.0	435657.0	625516.0	837804.0	1175829.0	1784230.0	3987772.0	22169434.0	4052589.0
	19.0	20.0	21.0	22.0	23.0	24.0	25.0	26.0	27.0	28.0	29.0	30.0	31.0	32.0	33.0	34.0	35.0	36.0	37.0
N87_N1_RNA_S30_L001_R2	6.0	46.0	343.0	1484.0	4858.0	12605.0	29776.0	59699.0	113806.0	192588.0	316659.0	474787.0	713079.0	1054991.0	1712259.0	3126836.0	7188197.0	16781406.0	3000224.0
	21.0	22.0	23.0	24.0	25.0	26.0	27.0	28.0	29.0	30.0	31.0	32.0	33.0	34.0	35.0	36.0	37.0
N87_U1_RNA_S31_L001_R1	15.0	116.0	656.0	2790.0	10320.0	30839.0	81374.0	164861.0	288074.0	435438.0	627894.0	842797.0	1170865.0	1733091.0	3766133.0	19832712.0	3490459.0
	19.0	20.0	21.0	22.0	23.0	24.0	25.0	26.0	27.0	28.0	29.0	30.0	31.0	32.0	33.0	34.0	35.0	36.0	37.0
N87_U1_RNA_S31_L001_R2	7.0	71.0	395.0	1661.0	5543.0	13926.0	32688.0	63476.0	118541.0	198248.0	319587.0	473229.0	700884.0	1023374.0	1649760.0	2979479.0	6640364.0	14519018.0	2589575.0
	20.0	21.0	22.0	23.0	24.0	25.0	26.0	27.0	28.0	29.0	30.0	31.0	32.0	33.0	34.0	35.0	36.0	37.0
N88_N1_RNA_S32_L001_R1	1.0	16.0	139.0	691.0	2902.0	10898.0	32252.0	83044.0	169093.0	294321.0	444102.0	635918.0	848317.0	1182172.0	1774765.0	3966157.0	21376307.0	3846077.0
	19.0	20.0	21.0	22.0	23.0	24.0	25.0	26.0	27.0	28.0	29.0	30.0	31.0	32.0	33.0	34.0	35.0	36.0	37.0
N88_N1_RNA_S32_L001_R2	5.0	39.0	284.0	1152.0	3944.0	9990.0	24058.0	47813.0	90938.0	156820.0	259252.0	394898.0	601003.0	899695.0	1489141.0	2805780.0	6830254.0	17213475.0	3133751.0
	21.0	22.0	23.0	24.0	25.0	26.0	27.0	28.0	29.0	30.0	31.0	32.0	33.0	34.0	35.0	36.0	37.0
N88_U1_RNA_S33_L001_R1	19.0	139.0	752.0	3099.0	11208.0	32774.0	82892.0	163238.0	276996.0	409096.0	576542.0	761691.0	1058771.0	1595641.0	3563993.0	19614654.0	3766500.0
	19.0	20.0	21.0	22.0	23.0	24.0	25.0	26.0	27.0	28.0	29.0	30.0	31.0	32.0	33.0	34.0	35.0	36.0	37.0
N88_U1_RNA_S33_L001_R2	3.0	41.0	293.0	1186.0	3994.0	10091.0	23298.0	46043.0	86029.0	145747.0	238186.0	357928.0	538885.0	800127.0	1305746.0	2439605.0	6000461.0	16229770.0	3096721.0
	20.0	21.0	22.0	23.0	24.0	25.0	26.0	27.0	28.0	29.0	30.0	31.0	32.0	33.0	34.0	35.0	36.0	37.0
N910_N2_RNA_S34_L001_R1	1.0	18.0	139.0	743.0	3350.0	12547.0	36854.0	94083.0	190963.0	335084.0	506633.0	724748.0	973035.0	1364947.0	2065494.0	4613176.0	27322873.0	5607875.0
	18.0	19.0	20.0	21.0	22.0	23.0	24.0	25.0	26.0	27.0	28.0	29.0	30.0	31.0	32.0	33.0	34.0	35.0	36.0	37.0
N910_N2_RNA_S34_L001_R2	1.0	4.0	39.0	258.0	1154.0	4120.0	10842.0	25684.0	51963.0	100795.0	175722.0	296064.0	455591.0	697832.0	1047436.0	1723953.0	3234474.0	8125708.0	22932960.0	4425510.0
	21.0	22.0	23.0	24.0	25.0	26.0	27.0	28.0	29.0	30.0	31.0	32.0	33.0	34.0	35.0	36.0	37.0
N910_U2_RNA_S35_L001_R1	19.0	131.0	632.0	2616.0	10528.0	30970.0	81032.0	167388.0	297172.0	454128.0	652307.0	878597.0	1234309.0	1873855.0	4187633.0	24575678.0	4629994.0
	19.0	20.0	21.0	22.0	23.0	24.0	25.0	26.0	27.0	28.0	29.0	30.0	31.0	32.0	33.0	34.0	35.0	36.0	37.0
N910_U2_RNA_S35_L001_R2	1.0	34.0	188.0	923.0	3087.0	8339.0	20085.0	40610.0	79696.0	141567.0	240862.0	374600.0	576740.0	875453.0	1452422.0	2768325.0	7167198.0	21093288.0	3784526.0
	21.0	22.0	23.0	24.0	25.0	26.0	27.0	28.0	29.0	30.0	31.0	32.0	33.0	34.0	35.0	36.0	37.0
N99_N1_RNA_S36_L001_R1	11.0	99.0	711.0	2963.0	11032.0	32383.0	83025.0	170226.0	301141.0	456915.0	660690.0	891256.0	1259585.0	1932562.0	4422053.0	26523050.0	4602369.0
	19.0	20.0	21.0	22.0	23.0	24.0	25.0	26.0	27.0	28.0	29.0	30.0	31.0	32.0	33.0	34.0	35.0	36.0	37.0
N99_N1_RNA_S36_L001_R2	4.0	31.0	241.0	1113.0	3760.0	10406.0	25275.0	51263.0	100674.0	176206.0	294839.0	454509.0	691756.0	1043240.0	1730294.0	3271236.0	8100963.0	21291786.0	3554875.0
	20.0	21.0	22.0	23.0	24.0	25.0	26.0	27.0	28.0	29.0	30.0	31.0	32.0	33.0	34.0	35.0	36.0	37.0
N99_U1_RNA_S37_L001_R1	1.0	14.0	103.0	646.0	2571.0	9917.0	28735.0	73329.0	148654.0	262921.0	399931.0	575560.0	768285.0	1066737.0	1593510.0	3538710.0	21291061.0	4130187.0
	19.0	20.0	21.0	22.0	23.0	24.0	25.0	26.0	27.0	28.0	29.0	30.0	31.0	32.0	33.0	34.0	35.0	36.0	37.0
N99_U1_RNA_S37_L001_R2	1.0	38.0	273.0	1259.0	4108.0	11294.0	27536.0	54339.0	103800.0	177434.0	291855.0	443680.0	673665.0	1014771.0	1687338.0	3146243.0	7213722.0	15873111.0	2552347.0
	21.0	22.0	23.0	24.0	25.0	26.0	27.0	28.0	29.0	30.0	31.0	32.0	33.0	34.0	35.0	36.0	37.0
U1010_N1_RNA_S80_L001_R1	17.0	112.0	670.0	2691.0	10152.0	29667.0	77192.0	157496.0	275912.0	418885.0	601175.0	810274.0	1141475.0	1732026.0	3851350.0	21366480.0	3866067.0
	19.0	20.0	21.0	22.0	23.0	24.0	25.0	26.0	27.0	28.0	29.0	30.0	31.0	32.0	33.0	34.0	35.0	36.0	37.0
U1010_N1_RNA_S80_L001_R2	8.0	61.0	308.0	1413.0	4664.0	11991.0	28785.0	56865.0	108965.0	186254.0	306747.0	463288.0	696400.0	1038489.0	1706987.0	3157555.0	7227551.0	15906687.0	2620199.0
	20.0	21.0	22.0	23.0	24.0	25.0	26.0	27.0	28.0	29.0	30.0	31.0	32.0	33.0	34.0	35.0	36.0	37.0
U1010_U1_RNA_S81_L001_R1	1.0	12.0	136.0	790.0	3221.0	11938.0	33334.0	83375.0	165915.0	288246.0	429676.0	610512.0	813070.0	1137461.0	1734082.0	3947263.0	22172972.0	3901704.0
	19.0	20.0	21.0	22.0	23.0	24.0	25.0	26.0	27.0	28.0	29.0	30.0	31.0	32.0	33.0	34.0	35.0	36.0	37.0
U1010_U1_RNA_S81_L001_R2	3.0	35.0	307.0	1343.0	4645.0	12327.0	28920.0	56091.0	105027.0	176369.0	291008.0	439780.0	669017.0	1000703.0	1652568.0	3059881.0	7154375.0	17150822.0	2945420.0
	20.0	21.0	22.0	23.0	24.0	25.0	26.0	27.0	28.0	29.0	30.0	31.0	32.0	33.0	34.0	35.0	36.0	37.0
U109_N2_RNA_S78_L001_R1	1.0	16.0	153.0	945.0	3706.0	13752.0	39995.0	101786.0	204982.0	357781.0	539495.0	769353.0	1027455.0	1434927.0	2164668.0	4854069.0	27044721.0	4829241.0
	19.0	20.0	21.0	22.0	23.0	24.0	25.0	26.0	27.0	28.0	29.0	30.0	31.0	32.0	33.0	34.0	35.0	36.0	37.0
U109_N2_RNA_S78_L001_R2	2.0	45.0	263.0	1226.0	4401.0	11160.0	26770.0	53998.0	104757.0	180547.0	301187.0	461310.0	701919.0	1046546.0	1715721.0	3239120.0	8170173.0	22729388.0	4058486.0
	20.0	21.0	22.0	23.0	24.0	25.0	26.0	27.0	28.0	29.0	30.0	31.0	32.0	33.0	34.0	35.0	36.0	37.0
U109_U1_RNA_S79_L001_R1	6.0	19.0	133.0	922.0	3762.0	14384.0	42668.0	110842.0	226307.0	398396.0	600594.0	858365.0	1144165.0	1596980.0	2395799.0	5328030.0	29151050.0	5293735.0
	19.0	20.0	21.0	22.0	23.0	24.0	25.0	26.0	27.0	28.0	29.0	30.0	31.0	32.0	33.0	34.0	35.0	36.0	37.0
U109_U1_RNA_S79_L001_R2	7.0	46.0	373.0	1598.0	5376.0	13725.0	32547.0	63896.0	122647.0	208869.0	342457.0	515672.0	770449.0	1130192.0	1821929.0	3367503.0	8438504.0	24664308.0	4756125.0
	20.0	21.0	22.0	23.0	24.0	25.0	26.0	27.0	28.0	29.0	30.0	31.0	32.0	33.0	34.0	35.0	36.0	37.0
U11_N1_RNA_S42_L001_R1	2.0	10.0	115.0	820.0	3244.0	12012.0	33617.0	83500.0	166669.0	288752.0	431804.0	614727.0	815525.0	1131761.0	1690793.0	3747213.0	21371644.0	4224429.0
	19.0	20.0	21.0	22.0	23.0	24.0	25.0	26.0	27.0	28.0	29.0	30.0	31.0	32.0	33.0	34.0	35.0	36.0	37.0
U11_N1_RNA_S42_L001_R2	6.0	36.0	316.0	1412.0	4733.0	12342.0	29699.0	58614.0	110195.0	184370.0	300419.0	449238.0	671762.0	994316.0	1624181.0	3009203.0	7016290.0	16403168.0	3111384.0
	21.0	22.0	23.0	24.0	25.0	26.0	27.0	28.0	29.0	30.0	31.0	32.0	33.0	34.0	35.0	36.0	37.0
U11_U1_RNA_S43_L001_R1	9.0	130.0	817.0	3191.0	12252.0	35649.0	93140.0	190185.0	331867.0	499197.0	718463.0	962306.0	1342438.0	1999727.0	4319805.0	23045645.0	4255982.0
	19.0	20.0	21.0	22.0	23.0	24.0	25.0	26.0	27.0	28.0	29.0	30.0	31.0	32.0	33.0	34.0	35.0	36.0	37.0
U11_U1_RNA_S43_L001_R2	2.0	51.0	383.0	1537.0	5001.0	12623.0	29068.0	56701.0	108087.0	183063.0	302303.0	452374.0	671450.0	981132.0	1572831.0	2891045.0	7087056.0	18976462.0	3492527.0
	21.0	22.0	23.0	24.0	25.0	26.0	27.0	28.0	29.0	30.0	31.0	32.0	33.0	34.0	35.0	36.0	37.0
U12_N1_RNA_S44_L001_R1	14.0	102.0	604.0	2679.0	10088.0	29234.0	76361.0	155492.0	272035.0	412194.0	592778.0	792330.0	1098931.0	1635899.0	3610347.0	19844020.0	3413224.0
	19.0	20.0	21.0	22.0	23.0	24.0	25.0	26.0	27.0	28.0	29.0	30.0	31.0	32.0	33.0	34.0	35.0	36.0	37.0
U12_N1_RNA_S44_L001_R2	3.0	44.0	252.0	940.0	3330.0	8803.0	20483.0	41162.0	79098.0	136123.0	226536.0	344786.0	522192.0	780705.0	1282592.0	2415422.0	6057687.0	16679111.0	2821069.0
	20.0	21.0	22.0	23.0	24.0	25.0	26.0	27.0	28.0	29.0	30.0	31.0	32.0	33.0	34.0	35.0	36.0	37.0
U12_U1_RNA_S45_L001_R1	4.0	13.0	109.0	586.0	2526.0	9835.0	28990.0	75530.0	154410.0	274294.0	420348.0	607494.0	823526.0	1158483.0	1756920.0	3986510.0	21603715.0	3451816.0
	19.0	20.0	21.0	22.0	23.0	24.0	25.0	26.0	27.0	28.0	29.0	30.0	31.0	32.0	33.0	34.0	35.0	36.0	37.0
U12_U1_RNA_S45_L001_R2	2.0	37.0	278.0	1140.0	3886.0	10038.0	24095.0	47966.0	93585.0	161957.0	269788.0	412009.0	626424.0	941300.0	1555403.0	2920093.0	7057750.0	17084479.0	2557518.0
	20.0	21.0	22.0	23.0	24.0	25.0	26.0	27.0	28.0	29.0	30.0	31.0	32.0	33.0	34.0	35.0	36.0	37.0
U21_N1_RNA_S46_L001_R1	2.0	11.0	111.0	680.0	3056.0	11230.0	32288.0	82527.0	165886.0	288110.0	432970.0	616709.0	828128.0	1171831.0	1804543.0	4120475.0	21717919.0	3788180.0
	18.0	19.0	20.0	21.0	22.0	23.0	24.0	25.0	26.0	27.0	28.0	29.0	30.0	31.0	32.0	33.0	34.0	35.0	36.0	37.0
U21_N1_RNA_S46_L001_R2	1.0	3.0	31.0	255.0	977.0	3305.0	8798.0	20546.0	41376.0	80265.0	138830.0	233014.0	358421.0	545748.0	818115.0	1347593.0	2544770.0	6480816.0	18633197.0	3393101.0
	21.0	22.0	23.0	24.0	25.0	26.0	27.0	28.0	29.0	30.0	31.0	32.0	33.0	34.0	35.0	36.0	37.0
U21_U2_RNA_S47_L001_R1	22.0	124.0	705.0	2879.0	11187.0	33213.0	84474.0	173079.0	304070.0	458892.0	656617.0	879419.0	1231960.0	1867116.0	4206543.0	23526882.0	4093079.0
	18.0	19.0	20.0	21.0	22.0	23.0	24.0	25.0	26.0	27.0	28.0	29.0	30.0	31.0	32.0	33.0	34.0	35.0	36.0	37.0
U21_U2_RNA_S47_L001_R2	1.0	1.0	36.0	275.0	1098.0	3787.0	10047.0	24398.0	48955.0	95144.0	164755.0	275931.0	420623.0	640336.0	957614.0	1573242.0	2973964.0	7363268.0	19204898.0	3212876.0
	19.0	20.0	21.0	22.0	23.0	24.0	25.0	26.0	27.0	28.0	29.0	30.0	31.0	32.0	33.0	34.0	35.0	36.0	37.0
U22_N1_RNA_S48_L001_R1	1.0	1.0	24.0	125.0	854.0	3478.0	12753.0	36659.0	91716.0	182923.0	317900.0	476063.0	674849.0	899318.0	1252831.0	1886660.0	4168129.0	23937767.0	4773187.0
	19.0	20.0	21.0	22.0	23.0	24.0	25.0	26.0	27.0	28.0	29.0	30.0	31.0	32.0	33.0	34.0	35.0	36.0	37.0
U22_N1_RNA_S48_L001_R2	3.0	34.0	266.0	1149.0	3579.0	9495.0	21937.0	43696.0	83985.0	144766.0	240826.0	368492.0	556692.0	826935.0	1346393.0	2540139.0	6683505.0	21136878.0	4112848.0
	20.0	21.0	22.0	23.0	24.0	25.0	26.0	27.0	28.0	29.0	30.0	31.0	32.0	33.0	34.0	35.0	36.0	37.0
U22_U1_RNA_S49_L001_R1	1.0	16.0	111.0	651.0	2735.0	10086.0	29691.0	76454.0	153506.0	265003.0	395903.0	559206.0	746958.0	1047487.0	1597885.0	3633586.0	19827146.0	3302233.0
	17.0	18.0	19.0	20.0	21.0	22.0	23.0	24.0	25.0	26.0	27.0	28.0	29.0	30.0	31.0	32.0	33.0	34.0	35.0	36.0	37.0
U22_U1_RNA_S49_L001_R2	1.0	0.0	2.0	46.0	260.0	1164.0	3891.0	9861.0	23531.0	46703.0	87673.0	147658.0	242785.0	365047.0	552361.0	818733.0	1335356.0	2488362.0	6114648.0	16128961.0	2739967.0
	20.0	21.0	22.0	23.0	24.0	25.0	26.0	27.0	28.0	29.0	30.0	31.0	32.0	33.0	34.0	35.0	36.0	37.0
U33_N1_RNA_S50_L001_R1	2.0	10.0	112.0	644.0	2753.0	10234.0	29749.0	75468.0	154974.0	273042.0	417851.0	602227.0	812112.0	1138697.0	1710752.0	3802851.0	19980308.0	2837021.0
	19.0	20.0	21.0	22.0	23.0	24.0	25.0	26.0	27.0	28.0	29.0	30.0	31.0	32.0	33.0	34.0	35.0	36.0	37.0
U33_N1_RNA_S50_L001_R2	1.0	53.0	310.0	1391.0	4331.0	11354.0	26822.0	52318.0	100013.0	169628.0	277695.0	418388.0	628078.0	933341.0	1535336.0	2859224.0	6732511.0	15138608.0	2147509.0
	20.0	21.0	22.0	23.0	24.0	25.0	26.0	27.0	28.0	29.0	30.0	31.0	32.0	33.0	34.0	35.0	36.0	37.0
U33_U1_RNA_S51_L001_R1	1.0	21.0	115.0	625.0	2727.0	10549.0	34437.0	98678.0	210980.0	383950.0	616349.0	952552.0	1325635.0	1749569.0	2235119.0	4075777.0	17773733.0	2810933.0
	19.0	20.0	21.0	22.0	23.0	24.0	25.0	26.0	27.0	28.0	29.0	30.0	31.0	32.0	33.0	34.0	35.0	36.0	37.0
U33_U1_RNA_S51_L001_R2	10.0	118.0	667.0	2506.0	7455.0	16613.0	36250.0	68854.0	126138.0	207637.0	331377.0	482537.0	684734.0	929993.0	1367122.0	2336330.0	5504331.0	14962592.0	2596009.0
	20.0	21.0	22.0	23.0	24.0	25.0	26.0	27.0	28.0	29.0	30.0	31.0	32.0	33.0	34.0	35.0	36.0	37.0
U34_N1_RNA_S52_L001_R1	1.0	9.0	94.0	646.0	2632.0	9958.0	30066.0	78571.0	161175.0	283820.0	428136.0	612892.0	822813.0	1158234.0	1778472.0	4210532.0	21802923.0	2795115.0
	20.0	21.0	22.0	23.0	24.0	25.0	26.0	27.0	28.0	29.0	30.0	31.0	32.0	33.0	34.0	35.0	36.0	37.0
U34_N1_RNA_S52_L001_R2	32.0	212.0	917.0	3155.0	8607.0	20734.0	42642.0	82585.0	143156.0	240696.0	368453.0	560381.0	838762.0	1389093.0	2649982.0	6696754.0	17813828.0	2829740.0
	19.0	20.0	21.0	22.0	23.0	24.0	25.0	26.0	27.0	28.0	29.0	30.0	31.0	32.0	33.0	34.0	35.0	36.0	37.0
U34_U1_RNA_S53_L001_R1	1.0	2.0	21.0	175.0	961.0	3910.0	14595.0	45512.0	125015.0	264222.0	472643.0	743963.0	1118238.0	1528504.0	2034773.0	2671802.0	4968330.0	18936349.0	2981788.0
	18.0	19.0	20.0	21.0	22.0	23.0	24.0	25.0	26.0	27.0	28.0	29.0	30.0	31.0	32.0	33.0	34.0	35.0	36.0	37.0
U34_U1_RNA_S53_L001_R2	3.0	18.0	184.0	1014.0	3642.0	10202.0	23154.0	50138.0	93680.0	169321.0	273775.0	429479.0	604991.0	848432.0	1142040.0	1698862.0	2921549.0	6599231.0	15248954.0	2599493.0
	21.0	22.0	23.0	24.0	25.0	26.0	27.0	28.0	29.0	30.0	31.0	32.0	33.0	34.0	35.0	36.0	37.0
U43_N1_RNA_S54_L001_R1	7.0	90.0	521.0	2210.0	8508.0	25839.0	67838.0	140054.0	249987.0	382215.0	552001.0	747065.0	1051101.0	1600822.0	3709407.0	18829791.0	2376207.0
	19.0	20.0	21.0	22.0	23.0	24.0	25.0	26.0	27.0	28.0	29.0	30.0	31.0	32.0	33.0	34.0	35.0	36.0	37.0
U43_N1_RNA_S54_L001_R2	3.0	36.0	269.0	1140.0	3838.0	9781.0	23845.0	48076.0	92583.0	158900.0	262249.0	395743.0	593449.0	879064.0	1434244.0	2656974.0	6218677.0	14203780.0	2056762.0
	20.0	21.0	22.0	23.0	24.0	25.0	26.0	27.0	28.0	29.0	30.0	31.0	32.0	33.0	34.0	35.0	36.0	37.0
U43_U1_RNA_S55_L001_R1	1.0	14.0	128.0	777.0	2846.0	10682.0	30281.0	77843.0	159590.0	281503.0	432648.0	633124.0	860889.0	1188083.0	1723779.0	3668642.0	19884170.0	3134359.0
	19.0	20.0	21.0	22.0	23.0	24.0	25.0	26.0	27.0	28.0	29.0	30.0	31.0	32.0	33.0	34.0	35.0	36.0	37.0
U43_U1_RNA_S55_L001_R2	6.0	60.0	378.0	1571.0	5027.0	12197.0	26787.0	50621.0	92684.0	154202.0	249447.0	369924.0	546184.0	787257.0	1250141.0	2304009.0	5793655.0	16573061.0	2625647.0
	20.0	21.0	22.0	23.0	24.0	25.0	26.0	27.0	28.0	29.0	30.0	31.0	32.0	33.0	34.0	35.0	36.0	37.0
U44_N1_RNA_S56_L001_R1	3.0	12.0	91.0	580.0	2384.0	8729.0	25634.0	66552.0	137010.0	239907.0	361594.0	518079.0	693682.0	981311.0	1499645.0	3418711.0	18754451.0	2993642.0
	19.0	20.0	21.0	22.0	23.0	24.0	25.0	26.0	27.0	28.0	29.0	30.0	31.0	32.0	33.0	34.0	35.0	36.0	37.0
U44_N1_RNA_S56_L001_R2	1.0	42.0	223.0	937.0	3393.0	8623.0	20975.0	42453.0	81285.0	140495.0	234041.0	354671.0	540907.0	812414.0	1353445.0	2567740.0	6195978.0	14548433.0	2237816.0
	20.0	21.0	22.0	23.0	24.0	25.0	26.0	27.0	28.0	29.0	30.0	31.0	32.0	33.0	34.0	35.0	36.0	37.0
U44_U1_RNA_S57_L001_R1	1.0	10.0	95.0	528.0	2260.0	8876.0	26475.0	71453.0	148404.0	261695.0	399228.0	579175.0	783798.0	1098263.0	1641157.0	3588276.0	18982731.0	3375925.0
	19.0	20.0	21.0	22.0	23.0	24.0	25.0	26.0	27.0	28.0	29.0	30.0	31.0	32.0	33.0	34.0	35.0	36.0	37.0
U44_U1_RNA_S57_L001_R2	6.0	55.0	373.0	1491.0	4547.0	11525.0	26884.0	53004.0	100784.0	171878.0	280017.0	419439.0	625272.0	915821.0	1477655.0	2670323.0	6118953.0	14489780.0	2554021.0
	20.0	21.0	22.0	23.0	24.0	25.0	26.0	27.0	28.0	29.0	30.0	31.0	32.0	33.0	34.0	35.0	36.0	37.0
U55_N2_RNA_S58_L001_R1	1.0	12.0	101.0	658.0	2600.0	9723.0	29394.0	75551.0	156627.0	275530.0	415325.0	591680.0	790071.0	1106779.0	1674686.0	3758947.0	21938675.0	3943071.0
	20.0	21.0	22.0	23.0	24.0	25.0	26.0	27.0	28.0	29.0	30.0	31.0	32.0	33.0	34.0	35.0	36.0	37.0
U55_N2_RNA_S58_L001_R2	35.0	169.0	836.0	3012.0	7741.0	19024.0	38567.0	75996.0	133142.0	224172.0	345546.0	528300.0	792608.0	1314381.0	2518265.0	6557210.0	18737422.0	3104844.0
	20.0	21.0	22.0	23.0	24.0	25.0	26.0	27.0	28.0	29.0	30.0	31.0	32.0	33.0	34.0	35.0	36.0	37.0
U55_U1_RNA_S59_L001_R1	1.0	10.0	137.0	636.0	3059.0	11154.0	31238.0	78111.0	155933.0	271492.0	409937.0	587170.0	782676.0	1093102.0	1648835.0	3677409.0	21956427.0	3979944.0
	18.0	19.0	20.0	21.0	22.0	23.0	24.0	25.0	26.0	27.0	28.0	29.0	30.0	31.0	32.0	33.0	34.0	35.0	36.0	37.0
U55_U1_RNA_S59_L001_R2	1.0	2.0	30.0	193.0	853.0	2902.0	7545.0	18159.0	36515.0	70390.0	123752.0	208811.0	326769.0	503273.0	759227.0	1267066.0	2450558.0	6495558.0	18990140.0	3050335.0
	20.0	21.0	22.0	23.0	24.0	25.0	26.0	27.0	28.0	29.0	30.0	31.0	32.0	33.0	34.0	35.0	36.0	37.0
U56_N1_RNA_S60_L001_R1	1.0	18.0	113.0	663.0	2854.0	10494.0	30535.0	77496.0	157284.0	275829.0	416311.0	593639.0	797523.0	1118590.0	1698274.0	3829432.0	22005159.0	3737008.0
	19.0	20.0	21.0	22.0	23.0	24.0	25.0	26.0	27.0	28.0	29.0	30.0	31.0	32.0	33.0	34.0	35.0	36.0	37.0
U56_N1_RNA_S60_L001_R2	2.0	24.0	172.0	754.0	2652.0	7036.0	17563.0	36229.0	71255.0	125625.0	213578.0	332176.0	511446.0	776090.0	1294807.0	2516134.0	6632414.0	18904769.0	2993645.0
	20.0	21.0	22.0	23.0	24.0	25.0	26.0	27.0	28.0	29.0	30.0	31.0	32.0	33.0	34.0	35.0	36.0	37.0
U56_U1_RNA_S61_L001_R1	2.0	11.0	86.0	537.0	2342.0	9399.0	27532.0	72652.0	149802.0	267024.0	405252.0	583941.0	786972.0	1105989.0	1692896.0	3951408.0	21950953.0	2893462.0
	19.0	20.0	21.0	22.0	23.0	24.0	25.0	26.0	27.0	28.0	29.0	30.0	31.0	32.0	33.0	34.0	35.0	36.0	37.0
U56_U1_RNA_S61_L001_R2	1.0	26.0	205.0	856.0	2975.0	7986.0	19637.0	40212.0	78684.0	138652.0	233948.0	361966.0	554684.0	837749.0	1398482.0	2697409.0	6828178.0	17721474.0	2527651.0
	20.0	21.0	22.0	23.0	24.0	25.0	26.0	27.0	28.0	29.0	30.0	31.0	32.0	33.0	34.0	35.0	36.0	37.0
U65_N1_RNA_S62_L001_R1	1.0	16.0	123.0	674.0	2835.0	10808.0	31593.0	81118.0	166018.0	290291.0	437552.0	624076.0	834630.0	1166043.0	1768207.0	3998513.0	22899995.0	3658899.0
	19.0	20.0	21.0	22.0	23.0	24.0	25.0	26.0	27.0	28.0	29.0	30.0	31.0	32.0	33.0	34.0	35.0	36.0	37.0
U65_N1_RNA_S62_L001_R2	1.0	22.0	175.0	874.0	2731.0	7610.0	18521.0	37552.0	73786.0	129609.0	219636.0	341777.0	522350.0	787477.0	1307142.0	2511990.0	6673643.0	19880334.0	3093272.0
	20.0	21.0	22.0	23.0	24.0	25.0	26.0	27.0	28.0	29.0	30.0	31.0	32.0	33.0	34.0	35.0	36.0	37.0
U65_U2_RNA_S63_L001_R1	5.0	18.0	115.0	621.0	2675.0	10222.0	29888.0	78381.0	162085.0	284439.0	429472.0	613872.0	818090.0	1141595.0	1723156.0	3866631.0	22288906.0	3859701.0
	19.0	20.0	21.0	22.0	23.0	24.0	25.0	26.0	27.0	28.0	29.0	30.0	31.0	32.0	33.0	34.0	35.0	36.0	37.0
U65_U2_RNA_S63_L001_R2	1.0	29.0	204.0	1128.0	3646.0	9684.0	22637.0	46047.0	88984.0	153100.0	255923.0	389745.0	589297.0	882448.0	1457257.0	2774358.0	6949655.0	18116517.0	3006383.0
	20.0	21.0	22.0	23.0	24.0	25.0	26.0	27.0	28.0	29.0	30.0	31.0	32.0	33.0	34.0	35.0	36.0	37.0
U66_N1_RNA_S64_L001_R1	1.0	14.0	111.0	579.0	2493.0	9290.0	27578.0	71588.0	146442.0	254855.0	386486.0	550690.0	737092.0	1037456.0	1575095.0	3576133.0	21372567.0	3816631.0
	19.0	20.0	21.0	22.0	23.0	24.0	25.0	26.0	27.0	28.0	29.0	30.0	31.0	32.0	33.0	34.0	35.0	36.0	37.0
U66_N1_RNA_S64_L001_R2	4.0	47.0	281.0	1335.0	4532.0	12363.0	30931.0	62637.0	120356.0	207041.0	345053.0	528790.0	814107.0	1246862.0	2095803.0	3836369.0	8025712.0	13823728.0	1779770.0
	21.0	22.0	23.0	24.0	25.0	26.0	27.0	28.0	29.0	30.0	31.0	32.0	33.0	34.0	35.0	36.0	37.0
U66_U1_RNA_S65_L001_R1	19.0	169.0	865.0	3432.0	12821.0	36247.0	90884.0	184560.0	322710.0	484262.0	694611.0	927379.0	1296514.0	1934737.0	4241620.0	22690491.0	3993516.0
	19.0	20.0	21.0	22.0	23.0	24.0	25.0	26.0	27.0	28.0	29.0	30.0	31.0	32.0	33.0	34.0	35.0	36.0	37.0
U66_U1_RNA_S65_L001_R2	9.0	76.0	456.0	1796.0	5729.0	14447.0	33386.0	64675.0	120285.0	202232.0	323228.0	478044.0	706936.0	1026857.0	1652313.0	3042879.0	7212193.0	17653554.0	3192063.0
	20.0	21.0	22.0	23.0	24.0	25.0	26.0	27.0	28.0	29.0	30.0	31.0	32.0	33.0	34.0	35.0	36.0	37.0
U77_N1_RNA_S66_L001_R1	1.0	20.0	132.0	820.0	3433.0	12407.0	34113.0	82291.0	163074.0	281268.0	419649.0	591718.0	784592.0	1088473.0	1634246.0	3629526.0	20965186.0	3707895.0
	19.0	20.0	21.0	22.0	23.0	24.0	25.0	26.0	27.0	28.0	29.0	30.0	31.0	32.0	33.0	34.0	35.0	36.0	37.0
U77_N1_RNA_S66_L001_R2	7.0	28.0	251.0	1130.0	3815.0	9850.0	23212.0	45869.0	84637.0	143271.0	235858.0	356736.0	537497.0	797506.0	1313238.0	2501111.0	6358765.0	17449887.0	3026900.0
	19.0	20.0	21.0	22.0	23.0	24.0	25.0	26.0	27.0	28.0	29.0	30.0	31.0	32.0	33.0	34.0	35.0	36.0	37.0
U77_U1_RNA_S67_L001_R1	1.0	1.0	11.0	79.0	458.0	1963.0	7320.0	21868.0	56873.0	117187.0	206622.0	313791.0	452966.0	608373.0	846997.0	1260046.0	2765348.0	15291781.0	2904193.0
	19.0	20.0	21.0	22.0	23.0	24.0	25.0	26.0	27.0	28.0	29.0	30.0	31.0	32.0	33.0	34.0	35.0	36.0	37.0
U77_U1_RNA_S67_L001_R2	4.0	29.0	224.0	917.0	3130.0	8017.0	18648.0	36876.0	70684.0	120340.0	198714.0	298372.0	451011.0	668479.0	1097476.0	2048583.0	4894631.0	12133082.0	2178770.0
	20.0	21.0	22.0	23.0	24.0	25.0	26.0	27.0	28.0	29.0	30.0	31.0	32.0	33.0	34.0	35.0	36.0	37.0
U78_N1_RNA_S68_L001_R1	2.0	18.0	139.0	927.0	3922.0	14044.0	41239.0	104006.0	211955.0	368101.0	550711.0	789458.0	1056197.0	1478622.0	2218464.0	4835502.0	24672172.0	4057754.0
	19.0	20.0	21.0	22.0	23.0	24.0	25.0	26.0	27.0	28.0	29.0	30.0	31.0	32.0	33.0	34.0	35.0	36.0	37.0
U78_N1_RNA_S68_L001_R2	3.0	58.0	351.0	1460.0	4772.0	11723.0	27698.0	54001.0	102239.0	175619.0	291366.0	437368.0	655326.0	959730.0	1545335.0	2880902.0	7327892.0	21169473.0	3734304.0
	21.0	22.0	23.0	24.0	25.0	26.0	27.0	28.0	29.0	30.0	31.0	32.0	33.0	34.0	35.0	36.0	37.0
U78_U1_RNA_S69_L001_R1	10.0	99.0	626.0	2666.0	10463.0	31087.0	83405.0	177102.0	316408.0	489009.0	711991.0	964092.0	1350908.0	2035657.0	4576220.0	25534077.0	3851898.0
	19.0	20.0	21.0	22.0	23.0	24.0	25.0	26.0	27.0	28.0	29.0	30.0	31.0	32.0	33.0	34.0	35.0	36.0	37.0
U78_U1_RNA_S69_L001_R2	5.0	38.0	329.0	1290.0	4053.0	10456.0	24836.0	50336.0	98078.0	172021.0	291970.0	451012.0	692185.0	1043219.0	1745761.0	3345338.0	8270840.0	20297611.0	2820367.0
	20.0	21.0	22.0	23.0	24.0	25.0	26.0	27.0	28.0	29.0	30.0	31.0	32.0	33.0	34.0	35.0	36.0	37.0
U87_N1_RNA_S70_L001_R1	2.0	20.0	140.0	827.0	3447.0	12853.0	38855.0	101750.0	208015.0	367844.0	560405.0	812155.0	1089340.0	1493563.0	2178960.0	4641361.0	26089802.0	4980591.0
	19.0	20.0	21.0	22.0	23.0	24.0	25.0	26.0	27.0	28.0	29.0	30.0	31.0	32.0	33.0	34.0	35.0	36.0	37.0
U87_N1_RNA_S70_L001_R2	4.0	73.0	461.0	1824.0	6161.0	15367.0	36026.0	71618.0	134674.0	227137.0	368432.0	548176.0	814366.0	1185549.0	1906445.0	3491233.0	8297298.0	20644720.0	3573365.0
	20.0	21.0	22.0	23.0	24.0	25.0	26.0	27.0	28.0	29.0	30.0	31.0	32.0	33.0	34.0	35.0	36.0	37.0
U87_U1_RNA_S71_L001_R1	3.0	15.0	131.0	856.0	3478.0	12844.0	36631.0	93936.0	187928.0	322771.0	483872.0	688924.0	922264.0	1289162.0	1901813.0	4038354.0	22135600.0	4281193.0
	19.0	20.0	21.0	22.0	23.0	24.0	25.0	26.0	27.0	28.0	29.0	30.0	31.0	32.0	33.0	34.0	35.0	36.0	37.0
U87_U1_RNA_S71_L001_R2	9.0	57.0	331.0	1421.0	4536.0	11314.0	25641.0	49244.0	91208.0	152940.0	251159.0	376476.0	562876.0	823514.0	1320526.0	2431878.0	6222716.0	19337842.0	3677480.0
	21.0	22.0	23.0	24.0	25.0	26.0	27.0	28.0	29.0	30.0	31.0	32.0	33.0	34.0	35.0	36.0	37.0
U88_N1_RNA_S72_L001_R1	14.0	124.0	693.0	2717.0	10445.0	30216.0	79474.0	162353.0	284465.0	429220.0	614889.0	825646.0	1150034.0	1712570.0	3794790.0	20406176.0	2967784.0
	19.0	20.0	21.0	22.0	23.0	24.0	25.0	26.0	27.0	28.0	29.0	30.0	31.0	32.0	33.0	34.0	35.0	36.0	37.0
U88_N1_RNA_S72_L001_R2	7.0	43.0	269.0	1195.0	3804.0	9708.0	22443.0	43915.0	83091.0	141767.0	235488.0	357290.0	538805.0	802446.0	1318495.0	2499573.0	6280542.0	16938308.0	2495083.0
	21.0	22.0	23.0	24.0	25.0	26.0	27.0	28.0	29.0	30.0	31.0	32.0	33.0	34.0	35.0	36.0	37.0
U88_U1_RNA_S73_L001_R1	22.0	126.0	797.0	3278.0	12290.0	35675.0	93297.0	192249.0	335547.0	510281.0	743421.0	1011277.0	1417068.0	2065701.0	4337963.0	23481145.0	4371980.0
	19.0	20.0	21.0	22.0	23.0	24.0	25.0	26.0	27.0	28.0	29.0	30.0	31.0	32.0	33.0	34.0	35.0	36.0	37.0
U88_U1_RNA_S73_L001_R2	6.0	75.0	348.0	1420.0	4506.0	11146.0	25837.0	50626.0	98227.0	168748.0	281304.0	424985.0	635391.0	926063.0	1482251.0	2757446.0	7031037.0	20127228.0	3469156.0
	21.0	22.0	23.0	24.0	25.0	26.0	27.0	28.0	29.0	30.0	31.0	32.0	33.0	34.0	35.0	36.0	37.0
U910_N2_RNA_S74_L001_R1	15.0	121.0	709.0	2754.0	10993.0	33315.0	89438.0	185273.0	330325.0	505953.0	727229.0	981473.0	1366191.0	2035973.0	4506146.0	25317394.0	4548199.0
	19.0	20.0	21.0	22.0	23.0	24.0	25.0	26.0	27.0	28.0	29.0	30.0	31.0	32.0	33.0	34.0	35.0	36.0	37.0
U910_N2_RNA_S74_L001_R2	7.0	32.0	277.0	1198.0	4077.0	10441.0	25026.0	51634.0	100934.0	176025.0	296503.0	453952.0	693516.0	1033543.0	1708855.0	3239783.0	8053876.0	20587382.0	3508129.0
	20.0	21.0	22.0	23.0	24.0	25.0	26.0	27.0	28.0	29.0	30.0	31.0	32.0	33.0	34.0	35.0	36.0	37.0
U910_U2_RNA_S75_L001_R1	1.0	15.0	132.0	748.0	3037.0	11785.0	34227.0	88398.0	177103.0	307534.0	459823.0	652223.0	868089.0	1211004.0	1828203.0	4076810.0	23625257.0	4811173.0
	19.0	20.0	21.0	22.0	23.0	24.0	25.0	26.0	27.0	28.0	29.0	30.0	31.0	32.0	33.0	34.0	35.0	36.0	37.0
U910_U2_RNA_S75_L001_R2	2.0	30.0	215.0	945.0	3106.0	8075.0	19445.0	39585.0	76041.0	132173.0	224454.0	346392.0	529904.0	789144.0	1290548.0	2446185.0	6453544.0	20954884.0	4401616.0
	20.0	21.0	22.0	23.0	24.0	25.0	26.0	27.0	28.0	29.0	30.0	31.0	32.0	33.0	34.0	35.0	36.0	37.0
U99_N2_RNA_S76_L001_R1	1.0	11.0	84.0	442.0	1880.0	7111.0	20764.0	53289.0	106608.0	188385.0	281914.0	403877.0	538736.0	755941.0	1146264.0	2610451.0	14461768.0	2410729.0
	19.0	20.0	21.0	22.0	23.0	24.0	25.0	26.0	27.0	28.0	29.0	30.0	31.0	32.0	33.0	34.0	35.0	36.0	37.0
U99_N2_RNA_S76_L001_R2	3.0	29.0	161.0	728.0	2369.0	6483.0	15819.0	31857.0	61785.0	106243.0	178455.0	274353.0	421257.0	637508.0	1067018.0	2036384.0	4884079.0	11209721.0	1717942.0
	19.0	20.0	21.0	22.0	23.0	24.0	25.0	26.0	27.0	28.0	29.0	30.0	31.0	32.0	33.0	34.0	35.0	36.0	37.0
U99_U2_RNA_S77_L001_R1	1.0	1.0	17.0	123.0	783.0	3254.0	12239.0	37325.0	100100.0	206408.0	362526.0	548134.0	783977.0	1054644.0	1481052.0	2242454.0	4991753.0	27778243.0	5487547.0
	19.0	20.0	21.0	22.0	23.0	24.0	25.0	26.0	27.0	28.0	29.0	30.0	31.0	32.0	33.0	34.0	35.0	36.0	37.0
U99_U2_RNA_S77_L001_R2	2.0	34.0	281.0	1203.0	3986.0	10423.0	25924.0	51932.0	100941.0	176234.0	297267.0	455150.0	691305.0	1027418.0	1676863.0	3150997.0	8048439.0	23781775.0	4861927.0

