Sample	27	32	37	42	47	52	57	62	67	72	77	82	87	92	97	102	107	112	117	122	127	132	137	141
N1010_N1_RNA_S38_L001_R1	164618.0	230861.0	262735.0	316079.0	373165.0	442479.0	509195.0	586363.0	656159.0	725647.0	791322.0	848797.0	891595.0	939709.0	963471.0	982818.0	996386.0	983582.0	984268.0	963510.0	943777.0	915919.0	1323285.0	21032121.0
N1010_N1_RNA_S38_L001_R2	139062.0	212089.0	247378.0	304210.0	362669.0	426996.0	493331.0	570433.0	641610.0	716307.0	780482.0	843141.0	892416.0	938580.0	963956.0	987301.0	1003783.0	990310.0	996716.0	981344.0	962084.0	933774.0	1474893.0	20369644.0
N1010_U2_RNA_S39_L001_R1	158947.0	223152.0	247987.0	298215.0	350564.0	413010.0	475608.0	546540.0	613823.0	681324.0	744579.0	801932.0	846162.0	893018.0	919880.0	946740.0	961251.0	951302.0	955501.0	938361.0	919362.0	895138.0	1280483.0	20187226.0
N1010_U2_RNA_S39_L001_R2	129519.0	197796.0	227458.0	279313.0	330319.0	389824.0	451988.0	522251.0	590464.0	662240.0	724446.0	785406.0	836969.0	881337.0	910234.0	941780.0	959695.0	950080.0	961431.0	948307.0	930579.0	905847.0	1419603.0	19742364.0
N109_N1_RNA_S40_L001_R1	141872.0	194553.0	221093.0	264298.0	309114.0	365999.0	422624.0	481349.0	540943.0	597390.0	648435.0	692837.0	725146.0	760308.0	778596.0	795816.0	803235.0	794336.0	795062.0	779339.0	763652.0	744817.0	1161929.0	19889763.0
N109_N1_RNA_S40_L001_R2	117033.0	176023.0	203894.0	250274.0	295722.0	348014.0	403811.0	463483.0	523117.0	583162.0	633937.0	682506.0	721983.0	756474.0	776147.0	797316.0	808897.0	799111.0	806742.0	796101.0	781709.0	762477.0	1301166.0	19298390.0
N109_U1_RNA_S41_L001_R1	131722.0	183680.0	211307.0	254222.0	301745.0	359519.0	419375.0	486275.0	549514.0	611429.0	667202.0	717044.0	751615.0	790565.0	808967.0	822987.0	830643.0	819568.0	818777.0	801413.0	783976.0	760219.0	1102564.0	17609824.0
N109_U1_RNA_S41_L001_R2	108553.0	166149.0	193949.0	240709.0	288573.0	343993.0	402472.0	469144.0	534339.0	599914.0	654972.0	711197.0	749268.0	785171.0	806674.0	823090.0	834512.0	822690.0	826315.0	813603.0	796917.0	771334.0	1226054.0	17127546.0
N11_N1_RNA_S2_L001_R1	219097.0	326238.0	382661.0	475166.0	563940.0	672283.0	777500.0	890846.0	993225.0	1093632.0	1178388.0	1253910.0	1307005.0	1352963.0	1375520.0	1390001.0	1394051.0	1365796.0	1353051.0	1317086.0	1282670.0	1234310.0	1631994.0	23373733.0
N11_N1_RNA_S2_L001_R2	183004.0	294363.0	352685.0	445909.0	536026.0	640395.0	746417.0	862810.0	970414.0	1076687.0	1160522.0	1240235.0	1302428.0	1345720.0	1369779.0	1389253.0	1396135.0	1367610.0	1361849.0	1329345.0	1295016.0	1242618.0	1806707.0	22896932.0
N11_U1_RNA_S3_L001_R1	221890.0	315122.0	357966.0	439670.0	519444.0	617416.0	712505.0	818225.0	914103.0	1009300.0	1090861.0	1162647.0	1215834.0	1267821.0	1290267.0	1306060.0	1312376.0	1293114.0	1285238.0	1256059.0	1225688.0	1182067.0	1584504.0	22911474.0
N11_U1_RNA_S3_L001_R2	182936.0	283141.0	332720.0	417371.0	497115.0	592413.0	685277.0	794238.0	894170.0	993761.0	1073127.0	1150853.0	1211773.0	1260652.0	1283479.0	1304941.0	1315004.0	1291939.0	1292028.0	1265576.0	1236366.0	1188765.0	1750409.0	22302789.0
N12_N1_RNA_S4_L001_R1	154699.0	216669.0	250688.0	300028.0	357650.0	427429.0	500619.0	576785.0	657703.0	733164.0	808625.0	875111.0	928116.0	979628.0	1011372.0	1033452.0	1054872.0	1045810.0	1051520.0	1034752.0	1014281.0	983161.0	1345118.0	19868286.0
N12_N1_RNA_S4_L001_R2	126909.0	195487.0	230127.0	284634.0	343328.0	409439.0	481153.0	560087.0	643570.0	722806.0	797508.0	868192.0	927908.0	976630.0	1011094.0	1038072.0	1060703.0	1050774.0	1063013.0	1048899.0	1026791.0	993936.0	1486171.0	19366394.0
N12_U2_RNA_S5_L001_R1	212701.0	305957.0	359723.0	436534.0	524634.0	624433.0	726435.0	838001.0	944132.0	1047873.0	1141228.0	1225354.0	1286920.0	1343572.0	1374982.0	1392695.0	1403762.0	1378584.0	1372482.0	1334563.0	1300233.0	1248161.0	1589189.0	21333287.0
N12_U2_RNA_S5_L001_R2	161876.0	258275.0	315848.0	398977.0	489145.0	588316.0	690109.0	805210.0	916613.0	1025534.0	1119305.0	1208743.0	1281346.0	1334837.0	1368940.0	1393453.0	1407643.0	1379851.0	1384340.0	1350042.0	1314665.0	1255374.0	1745969.0	21202453.0
N21_N1_RNA_S6_L001_R1	199597.0	268002.0	303722.0	362597.0	431002.0	511612.0	590564.0	679011.0	765738.0	846717.0	922534.0	988422.0	1036610.0	1087696.0	1114758.0	1137370.0	1152768.0	1135052.0	1135815.0	1114056.0	1088357.0	1059383.0	1486059.0	22612658.0
N21_N1_RNA_S6_L001_R2	174353.0	253103.0	283965.0	342551.0	404661.0	476471.0	550884.0	639700.0	728590.0	813963.0	886030.0	957590.0	1016078.0	1064566.0	1094361.0	1122922.0	1143039.0	1125820.0	1133836.0	1119020.0	1093552.0	1064175.0	1630019.0	22102318.0
N21_U2_RNA_S7_L001_R1	207329.0	286072.0	329699.0	393056.0	463485.0	543084.0	620738.0	702276.0	781650.0	850762.0	917845.0	973137.0	1010520.0	1052337.0	1071870.0	1084820.0	1100122.0	1072644.0	1076006.0	1047328.0	1018467.0	989035.0	1381651.0	21135086.0
N21_U2_RNA_S7_L001_R2	181336.0	270508.0	310435.0	372929.0	440917.0	509490.0	584307.0	665355.0	744957.0	817590.0	880414.0	940244.0	988815.0	1025317.0	1048500.0	1065019.0	1086110.0	1056589.0	1075827.0	1057532.0	1032364.0	1002308.0	1550459.0	20576317.0
N22_N2_RNA_S8_L001_R1	209466.0	277599.0	311887.0	368692.0	435821.0	517093.0	598984.0	688478.0	778339.0	866713.0	953042.0	1030805.0	1089768.0	1153667.0	1194665.0	1227645.0	1259499.0	1243658.0	1259325.0	1239368.0	1216213.0	1189129.0	1699255.0	26465131.0
N22_N2_RNA_S8_L001_R2	163933.0	244357.0	280450.0	340092.0	405150.0	478291.0	559165.0	649435.0	741360.0	832652.0	918200.0	1001198.0	1071876.0	1132641.0	1177423.0	1217218.0	1254404.0	1239839.0	1263088.0	1252004.0	1229478.0	1201863.0	1884882.0	26017521.0
N22_U1_RNA_S9_L001_R1	175055.0	243634.0	278117.0	333747.0	393167.0	465058.0	535097.0	611720.0	688535.0	761588.0	831511.0	893830.0	943226.0	990167.0	1018162.0	1036062.0	1052132.0	1035479.0	1033276.0	1009847.0	984532.0	956485.0	1280652.0	18529774.0
N22_U1_RNA_S9_L001_R2	148066.0	223794.0	254198.0	308919.0	364385.0	431292.0	498657.0	578220.0	657963.0	733860.0	801427.0	867962.0	925965.0	970960.0	1001613.0	1025228.0	1044452.0	1028325.0	1034408.0	1014779.0	989614.0	959552.0	1401061.0	18220775.0
N33_N1_RNA_S10_L001_R1	144397.0	212916.0	249897.0	308971.0	368954.0	439238.0	508199.0	581247.0	651428.0	719034.0	773383.0	823656.0	858005.0	893411.0	906504.0	917437.0	923782.0	907704.0	897013.0	877773.0	857105.0	829620.0	1180754.0	18343995.0
N33_N1_RNA_S10_L001_R2	123992.0	194504.0	232340.0	293201.0	353226.0	420629.0	490580.0	564859.0	636912.0	708854.0	763622.0	815926.0	856799.0	891675.0	907450.0	920906.0	929129.0	913717.0	908391.0	892633.0	871371.0	842724.0	1309007.0	17854991.0
N33_U1_RNA_S11_L001_R1	98575.0	133340.0	148271.0	175328.0	203041.0	239031.0	276054.0	318299.0	360659.0	404784.0	446698.0	487456.0	521429.0	558195.0	584865.0	607236.0	627962.0	632709.0	643280.0	642372.0	639973.0	629702.0	990534.0	16858074.0
N33_U1_RNA_S11_L001_R2	83335.0	122218.0	136753.0	163327.0	190799.0	223679.0	259319.0	301546.0	344614.0	390751.0	432200.0	474544.0	511732.0	548957.0	576850.0	602226.0	624082.0	629369.0	644765.0	647268.0	646470.0	635116.0	1088121.0	16502337.0
N34_N1_RNA_S12_L001_R1	132687.0	185386.0	209717.0	249450.0	291162.0	342770.0	396445.0	455264.0	513596.0	571959.0	628383.0	684711.0	729899.0	775772.0	807778.0	838307.0	861946.0	870878.0	881049.0	877659.0	872494.0	857868.0	1269770.0	20333922.0
N34_N1_RNA_S12_L001_R2	113486.0	167694.0	190698.0	229749.0	270426.0	317930.0	370096.0	431282.0	491577.0	552533.0	607906.0	666318.0	715503.0	761967.0	794709.0	828735.0	855000.0	862359.0	879378.0	880483.0	877924.0	861510.0	1381672.0	19944015.0
N34_U2_RNA_S13_L001_R1	192473.0	272807.0	313697.0	379183.0	449210.0	535960.0	623106.0	722228.0	821405.0	921569.0	1014939.0	1104371.0	1178236.0	1250288.0	1299788.0	1340614.0	1371653.0	1369374.0	1378361.0	1359062.0	1334931.0	1300916.0	1750183.0	25258182.0
N34_U2_RNA_S13_L001_R2	155082.0	239657.0	280998.0	349903.0	419775.0	503055.0	589443.0	691460.0	794433.0	899938.0	993404.0	1087664.0	1168790.0	1240609.0	1291840.0	1340756.0	1374892.0	1371698.0	1388202.0	1372440.0	1350072.0	1313844.0	1917003.0	24898270.0
N43_N2_RNA_S14_L001_R1	159201.0	223982.0	256110.0	307353.0	366501.0	439520.0	514463.0	594768.0	677712.0	758441.0	834835.0	901186.0	959554.0	1017843.0	1050333.0	1079461.0	1100045.0	1089369.0	1095773.0	1073408.0	1057571.0	1025436.0	1448880.0	22280785.0
N43_N2_RNA_S14_L001_R2	127489.0	197473.0	230749.0	284990.0	343262.0	412315.0	485841.0	567644.0	654450.0	738623.0	815606.0	887054.0	952404.0	1008687.0	1043446.0	1077749.0	1101266.0	1091311.0	1102529.0	1085736.0	1069435.0	1035727.0	1596750.0	21894383.0
N43_U1_RNA_S15_L001_R1	160627.0	212953.0	234865.0	276043.0	322131.0	381975.0	441722.0	510582.0	576780.0	645017.0	709556.0	770706.0	820681.0	877978.0	911009.0	945220.0	972567.0	973180.0	989648.0	985205.0	978515.0	966000.0	1434245.0	23063734.0
N43_U1_RNA_S15_L001_R2	133905.0	194120.0	215980.0	258462.0	301857.0	356159.0	412811.0	481938.0	549103.0	620660.0	683328.0	747439.0	805023.0	857529.0	894223.0	931199.0	963577.0	964803.0	988380.0	989732.0	983703.0	968909.0	1578711.0	22568132.0
N44_N1_RNA_S16_L001_R1	139774.0	184696.0	203932.0	238306.0	278876.0	328837.0	381746.0	437159.0	491204.0	546617.0	598197.0	643120.0	680291.0	718990.0	743899.0	769049.0	789362.0	781601.0	794490.0	790086.0	780914.0	769811.0	1177956.0	19543164.0
N44_N1_RNA_S16_L001_R2	126618.0	178870.0	198863.0	234112.0	272297.0	316928.0	366800.0	420085.0	474082.0	530327.0	578984.0	627290.0	669877.0	705733.0	732706.0	761028.0	784388.0	776640.0	796968.0	797808.0	793546.0	778990.0	1317076.0	18764336.0
N44_U1_RNA_S17_L001_R1	147903.0	203036.0	226309.0	269240.0	312709.0	367943.0	423652.0	482801.0	539740.0	595894.0	648607.0	697129.0	734017.0	775043.0	798891.0	819571.0	838727.0	838387.0	848038.0	843602.0	836707.0	825919.0	1276608.0	21529892.0
N44_U1_RNA_S17_L001_R2	120736.0	180452.0	204920.0	250969.0	292721.0	344737.0	398832.0	458755.0	518805.0	577554.0	629890.0	682010.0	724699.0	764946.0	789554.0	815138.0	836934.0	836531.0	852249.0	852691.0	844825.0	836725.0	1412463.0	21128765.0
N55_N2_RNA_S18_L001_R1	171042.0	215283.0	237235.0	276935.0	328940.0	390967.0	455672.0	526063.0	593387.0	663927.0	729006.0	785538.0	830322.0	875141.0	899449.0	919637.0	940124.0	923023.0	931553.0	913011.0	892566.0	872898.0	1249644.0	19122961.0
N55_N2_RNA_S18_L001_R2	119778.0	176439.0	202254.0	245049.0	296365.0	351438.0	413526.0	482649.0	553568.0	627197.0	688808.0	752034.0	808255.0	850155.0	879367.0	904426.0	930884.0	915361.0	932406.0	923892.0	901283.0	883973.0	1357382.0	18898177.0
N55_U1_RNA_S19_L001_R1	192723.0	241462.0	262882.0	303706.0	352627.0	415017.0	471360.0	537624.0	598266.0	663047.0	720453.0	768247.0	805716.0	846536.0	866356.0	879310.0	892481.0	875582.0	880986.0	859372.0	836348.0	813535.0	1157706.0	17267451.0
N55_U1_RNA_S19_L001_R2	163445.0	223638.0	237106.0	270961.0	309789.0	358166.0	410166.0	473524.0	534951.0	602033.0	656423.0	710622.0	762513.0	798898.0	825439.0	843910.0	865084.0	852651.0	866316.0	854728.0	832330.0	816193.0	1229667.0	16953665.0
N56_N2_RNA_S20_L001_R1	198943.0	262511.0	290363.0	341137.0	397085.0	466531.0	528727.0	605460.0	671691.0	743018.0	808157.0	864396.0	909226.0	954977.0	981596.0	999179.0	1013117.0	996675.0	1002680.0	977415.0	957497.0	928520.0	1298354.0	19225232.0
N56_N2_RNA_S20_L001_R2	180898.0	254481.0	271922.0	314191.0	358946.0	415218.0	471558.0	544711.0	612272.0	686445.0	748328.0	809842.0	867057.0	908641.0	939838.0	962364.0	982577.0	970267.0	983836.0	968246.0	948771.0	922712.0	1380899.0	18916337.0
N56_U2_RNA_S21_L001_R1	175404.0	222399.0	238075.0	275215.0	323805.0	382491.0	444999.0	512112.0	577718.0	649240.0	714981.0	773196.0	816752.0	866763.0	896947.0	922675.0	946093.0	930959.0	944342.0	927261.0	903668.0	887049.0	1335730.0	21346466.0
N56_U2_RNA_S21_L001_R2	138202.0	196187.0	214405.0	252350.0	296969.0	346649.0	404468.0	466635.0	533903.0	604669.0	666072.0	728763.0	783981.0	828779.0	864439.0	893910.0	923831.0	911500.0	935699.0	927639.0	907747.0	893517.0	1438761.0	20939547.0
N65_N1_RNA_S22_L001_R1	144539.0	190553.0	212804.0	248716.0	294349.0	350179.0	404431.0	468062.0	527390.0	590706.0	645832.0	696529.0	733477.0	776412.0	797333.0	818601.0	832838.0	824666.0	826276.0	811386.0	794016.0	771616.0	1157336.0	18800402.0
N65_N1_RNA_S22_L001_R2	137047.0	192058.0	210308.0	245246.0	283983.0	330099.0	380840.0	439738.0	498759.0	562113.0	614719.0	667413.0	712334.0	751742.0	775892.0	800798.0	820426.0	813866.0	823696.0	816274.0	802339.0	779700.0	1284075.0	18015397.0
N65_U2_RNA_S23_L001_R1	147681.0	200736.0	226262.0	273877.0	327000.0	394704.0	461789.0	537919.0	610193.0	684169.0	751393.0	812895.0	860158.0	910141.0	940402.0	961154.0	979351.0	969257.0	970946.0	954440.0	940393.0	910201.0	1276864.0	19606579.0
N65_U2_RNA_S23_L001_R2	123795.0	186466.0	215117.0	265843.0	317746.0	380481.0	445698.0	522599.0	596178.0	674271.0	740063.0	805245.0	860313.0	906042.0	937440.0	962790.0	983837.0	972135.0	980920.0	967757.0	954173.0	920882.0	1418169.0	18962875.0
N66_N2_RNA_S24_L001_R1	126166.0	165535.0	183192.0	215156.0	250154.0	295684.0	337066.0	386007.0	431259.0	477972.0	523460.0	562572.0	597122.0	630588.0	651325.0	666201.0	683335.0	677312.0	683696.0	674213.0	665388.0	647748.0	995928.0	16777819.0
N66_N2_RNA_S24_L001_R2	112106.0	158519.0	172814.0	201133.0	233378.0	271428.0	311111.0	360282.0	408354.0	457186.0	500745.0	543795.0	584762.0	617073.0	639515.0	658793.0	679579.0	673794.0	685632.0	681451.0	672361.0	655456.0	1103634.0	16337722.0
N66_U2_RNA_S25_L001_R1	169012.0	229274.0	257662.0	308148.0	361234.0	424985.0	484074.0	555027.0	616712.0	676209.0	732157.0	779873.0	810694.0	845741.0	859400.0	868368.0	873035.0	852946.0	847402.0	823366.0	799407.0	768239.0	1086561.0	16522181.0
N66_U2_RNA_S25_L001_R2	163554.0	229780.0	246789.0	288161.0	332296.0	385116.0	438943.0	505762.0	568111.0	630753.0	684133.0	735764.0	776349.0	807854.0	826473.0	838745.0	848748.0	832336.0	834161.0	815679.0	792591.0	764657.0	1158739.0	16203189.0
N77_N1_RNA_S26_L001_R1	167281.0	228378.0	260746.0	318377.0	381295.0	455680.0	533010.0	612158.0	693859.0	769594.0	841464.0	902181.0	945857.0	986854.0	1003121.0	1011830.0	1023536.0	1001345.0	995257.0	970051.0	942985.0	907288.0	1223921.0	17740373.0
N77_N1_RNA_S26_L001_R2	139664.0	210414.0	241895.0	299201.0	359433.0	427374.0	503594.0	584971.0	670442.0	748230.0	819003.0	882589.0	935324.0	972777.0	991140.0	1005195.0	1018891.0	997391.0	996443.0	975902.0	948977.0	913068.0	1336270.0	17307482.0
N77_U1_RNA_S27_L001_R1	190329.0	242162.0	263662.0	305254.0	354252.0	416728.0	469430.0	534934.0	592210.0	652837.0	708938.0	752026.0	783697.0	822256.0	835307.0	845936.0	855625.0	837421.0	844365.0	824493.0	800789.0	779201.0	1159844.0	18465093.0
N77_U1_RNA_S27_L001_R2	168688.0	233373.0	245054.0	278561.0	316890.0	364787.0	414498.0	478094.0	536124.0	601005.0	651737.0	703359.0	749744.0	783832.0	802703.0	818954.0	835164.0	820491.0	837106.0	827509.0	805118.0	787434.0	1251094.0	17900538.0
N78_N2_RNA_S28_L001_R1	208126.0	272651.0	309351.0	365907.0	434802.0	513805.0	592680.0	677985.0	760647.0	841593.0	917063.0	979283.0	1024793.0	1076010.0	1093011.0	1109032.0	1120721.0	1096549.0	1095288.0	1062072.0	1033867.0	995592.0	1357656.0	19449544.0
N78_N2_RNA_S28_L001_R2	176132.0	250537.0	280036.0	330720.0	390211.0	457563.0	531923.0	614666.0	698661.0	782404.0	854532.0	924083.0	984474.0	1031072.0	1055644.0	1076795.0	1095894.0	1075857.0	1085399.0	1063203.0	1033163.0	999644.0	1446879.0	19214206.0
N78_U2_RNA_S29_L001_R1	213408.0	281968.0	318404.0	382009.0	451370.0	536871.0	622444.0	710512.0	795718.0	885636.0	968232.0	1038804.0	1090674.0	1143644.0	1166716.0	1190491.0	1205375.0	1188010.0	1186139.0	1161040.0	1127928.0	1090822.0	1517836.0	22784623.0
N78_U2_RNA_S29_L001_R2	178528.0	259343.0	290980.0	351988.0	414212.0	488945.0	571758.0	662016.0	752470.0	847506.0	926135.0	1003054.0	1068126.0	1116699.0	1145100.0	1174494.0	1195705.0	1180911.0	1188880.0	1171881.0	1134738.0	1099011.0	1646197.0	22279365.0
N87_N1_RNA_S30_L001_R1	173263.0	231423.0	257916.0	308691.0	362711.0	434030.0	498836.0	571903.0	645273.0	713758.0	777726.0	830452.0	873084.0	912106.0	935116.0	950482.0	961833.0	942797.0	944543.0	924492.0	898632.0	873360.0	1250780.0	19374090.0
N87_N1_RNA_S30_L001_R2	153889.0	225105.0	251147.0	300694.0	351387.0	413902.0	477787.0	550150.0	623244.0	693918.0	753870.0	812104.0	862999.0	898467.0	924730.0	944320.0	957848.0	940484.0	947240.0	935263.0	909438.0	884413.0	1369357.0	18601893.0
N87_U1_RNA_S31_L001_R1	172186.0	228283.0	256346.0	305828.0	362759.0	429162.0	489919.0	563679.0	631700.0	697381.0	756833.0	808364.0	840227.0	874218.0	888542.0	902262.0	907364.0	882529.0	881014.0	859542.0	829176.0	804630.0	1128356.0	16978134.0
N87_U1_RNA_S31_L001_R2	166912.0	233586.0	252980.0	295177.0	342740.0	395837.0	453397.0	521377.0	585047.0	652944.0	705183.0	761469.0	802660.0	833928.0	853306.0	869753.0	880942.0	858852.0	865147.0	854907.0	826513.0	802794.0	1210262.0	16304113.0
N88_N1_RNA_S32_L001_R1	180971.0	244224.0	276230.0	330620.0	390018.0	461875.0	528142.0	605881.0	679779.0	751592.0	813562.0	870274.0	907062.0	947529.0	965897.0	980191.0	988208.0	962589.0	960736.0	937097.0	909064.0	876239.0	1206846.0	17892546.0
N88_N1_RNA_S32_L001_R2	145514.0	219242.0	253975.0	307834.0	365152.0	428032.0	495903.0	574138.0	646060.0	720997.0	780183.0	843599.0	891030.0	928332.0	950575.0	970578.0	982553.0	956991.0	963018.0	944597.0	917067.0	882267.0	1312885.0	17481770.0
N88_U1_RNA_S33_L001_R1	163110.0	216906.0	243185.0	293408.0	346602.0	416079.0	480197.0	554058.0	627847.0	694362.0	756107.0	806147.0	840401.0	872983.0	888691.0	893588.0	900538.0	876399.0	870827.0	849273.0	823020.0	793580.0	1101854.0	16608843.0
N88_U1_RNA_S33_L001_R2	130315.0	194296.0	221027.0	271261.0	322783.0	387441.0	452685.0	527817.0	600861.0	671381.0	730367.0	786596.0	832485.0	860968.0	879905.0	888960.0	899093.0	875113.0	874820.0	858995.0	830923.0	801352.0	1199895.0	16224815.0
N910_N2_RNA_S34_L001_R1	188086.0	266439.0	313758.0	385205.0	463127.0	555798.0	650263.0	747237.0	842095.0	931101.0	1011237.0	1081521.0	1128174.0	1181057.0	1199999.0	1217920.0	1226344.0	1204123.0	1195562.0	1166309.0	1134119.0	1097726.0	1522527.0	23142836.0
N910_N2_RNA_S34_L001_R2	149770.0	235967.0	286930.0	362618.0	442401.0	530238.0	625010.0	724789.0	823375.0	917873.0	996144.0	1071882.0	1127133.0	1176835.0	1198993.0	1221937.0	1233677.0	1211081.0	1208583.0	1185756.0	1152454.0	1113034.0	1689834.0	22623796.0
N910_U2_RNA_S35_L001_R1	158396.0	217813.0	248828.0	299969.0	356815.0	426653.0	499538.0	579497.0	659512.0	739555.0	817258.0	892535.0	949086.0	1009313.0	1051477.0	1082795.0	1105655.0	1101229.0	1107793.0	1090768.0	1071309.0	1040491.0	1429512.0	21141192.0
N910_U2_RNA_S35_L001_R2	120722.0	186740.0	220286.0	275582.0	332750.0	399526.0	470871.0	554158.0	636494.0	720943.0	797939.0	878390.0	943033.0	1000464.0	1045627.0	1082138.0	1108497.0	1103829.0	1118233.0	1105290.0	1085809.0	1052300.0	1572880.0	20815443.0
N99_N1_RNA_S36_L001_R1	155516.0	213784.0	240170.0	287700.0	339194.0	404300.0	467453.0	541511.0	611781.0	685968.0	759735.0	828000.0	883678.0	943463.0	985032.0	1017753.0	1045580.0	1047704.0	1058157.0	1047047.0	1032903.0	1009593.0	1493963.0	24250086.0
N99_N1_RNA_S36_L001_R2	128626.0	194862.0	224410.0	273345.0	325528.0	385266.0	448467.0	523267.0	596074.0	674015.0	747311.0	819884.0	881753.0	940769.0	983406.0	1021515.0	1052201.0	1054928.0	1072326.0	1065453.0	1050722.0	1025668.0	1664655.0	23648020.0
N99_U1_RNA_S37_L001_R1	132266.0	183644.0	210783.0	252331.0	301290.0	358021.0	418055.0	482533.0	547239.0	609513.0	669925.0	724177.0	765850.0	808691.0	835303.0	854599.0	874417.0	864965.0	867348.0	854928.0	837922.0	814562.0	1196593.0	19425917.0
N99_U1_RNA_S37_L001_R2	116782.0	174340.0	203282.0	247567.0	296028.0	348266.0	407081.0	471197.0	536452.0	600998.0	660461.0	717963.0	764994.0	806661.0	834876.0	858545.0	879977.0	869842.0	878871.0	869543.0	856514.0	830292.0	1344533.0	18701749.0
U1010_N1_RNA_S80_L001_R1	161604.0	213662.0	236679.0	284381.0	334338.0	399622.0	461095.0	532012.0	600950.0	670971.0	736203.0	795057.0	843371.0	888501.0	918238.0	944346.0	964241.0	950895.0	955991.0	938631.0	918934.0	891853.0	1230809.0	18469257.0
U1010_N1_RNA_S80_L001_R2	143663.0	207423.0	229310.0	272650.0	318637.0	374903.0	434197.0	504135.0	575383.0	647029.0	710186.0	773487.0	830447.0	873378.0	904004.0	936590.0	960055.0	944658.0	957897.0	946435.0	927514.0	898836.0	1367313.0	17785087.0
U1010_U1_RNA_S81_L001_R1	147424.0	199220.0	225836.0	272205.0	324797.0	389806.0	455142.0	527412.0	595763.0	663435.0	727497.0	782218.0	821792.0	864633.0	888518.0	909428.0	924459.0	906834.0	912451.0	893802.0	875342.0	849848.0	1243018.0	19932828.0
U1010_U1_RNA_S81_L001_R2	120498.0	182314.0	211392.0	262443.0	314875.0	374863.0	439942.0	513553.0	584947.0	655437.0	719327.0	777830.0	825643.0	865668.0	891828.0	915622.0	934596.0	916313.0	926616.0	913198.0	895097.0	868877.0	1397329.0	19240433.0
U109_N2_RNA_S78_L001_R1	195444.0	260610.0	295307.0	354201.0	417918.0	497936.0	579458.0	668781.0	757289.0	843413.0	925998.0	1000567.0	1057030.0	1118110.0	1157080.0	1187341.0	1212622.0	1194851.0	1204940.0	1184293.0	1158029.0	1128918.0	1562082.0	23424828.0
U109_N2_RNA_S78_L001_R2	149525.0	225394.0	264878.0	326815.0	390534.0	465131.0	546696.0	636915.0	728838.0	818911.0	901456.0	981535.0	1049453.0	1108145.0	1149114.0	1184727.0	1215447.0	1196959.0	1215252.0	1200598.0	1173909.0	1144052.0	1730553.0	23002182.0
U109_U1_RNA_S79_L001_R1	224289.0	294709.0	331621.0	394745.0	469267.0	560102.0	653941.0	752923.0	853029.0	949196.0	1041364.0	1119374.0	1184451.0	1246958.0	1285891.0	1316330.0	1341106.0	1313791.0	1322737.0	1296674.0	1268084.0	1229713.0	1694507.0	25021355.0
U109_U1_RNA_S79_L001_R2	183994.0	270160.0	306598.0	370871.0	441153.0	522143.0	612860.0	712514.0	814934.0	913944.0	1003569.0	1086828.0	1165730.0	1222022.0	1264532.0	1300303.0	1329162.0	1302113.0	1320017.0	1302860.0	1270505.0	1242345.0	1840884.0	24456182.0
U11_N1_RNA_S42_L001_R1	167948.0	232623.0	268746.0	326642.0	390452.0	464806.0	539379.0	618770.0	692963.0	763463.0	824746.0	878536.0	915118.0	952656.0	965509.0	977883.0	984397.0	962096.0	957510.0	930590.0	904456.0	875083.0	1199002.0	17823263.0
U11_N1_RNA_S42_L001_R2	139781.0	214280.0	253762.0	315682.0	380246.0	449516.0	523458.0	602669.0	677693.0	752304.0	812033.0	869838.0	915345.0	947432.0	962191.0	979415.0	989045.0	964903.0	967962.0	944764.0	918607.0	887434.0	1328678.0	17184646.0
U11_U1_RNA_S43_L001_R1	208143.0	271761.0	305379.0	363166.0	427073.0	505610.0	578170.0	661748.0	740357.0	810398.0	875248.0	935470.0	975617.0	1020427.0	1038164.0	1049260.0	1063002.0	1034229.0	1036073.0	1008936.0	979547.0	946929.0	1315374.0	19660722.0
U11_U1_RNA_S43_L001_R2	181422.0	257125.0	284750.0	337033.0	394292.0	460773.0	528080.0	610171.0	690450.0	763852.0	825298.0	890884.0	945348.0	984240.0	1005304.0	1022890.0	1043393.0	1016333.0	1026729.0	1009199.0	978904.0	950444.0	1418864.0	19197918.0
U12_N1_RNA_S44_L001_R1	146635.0	190020.0	209970.0	245875.0	289553.0	342373.0	398532.0	459994.0	521337.0	580920.0	637405.0	690246.0	732726.0	776872.0	804163.0	826954.0	850450.0	837499.0	846754.0	832799.0	814944.0	797631.0	1149257.0	17963423.0
U12_N1_RNA_S44_L001_R2	107384.0	160207.0	184065.0	223645.0	267504.0	314707.0	369360.0	430686.0	493306.0	554869.0	610723.0	667427.0	719446.0	761713.0	791615.0	817954.0	846651.0	833755.0	850839.0	843706.0	826606.0	810556.0	1261611.0	17672003.0
U12_U1_RNA_S45_L001_R1	144012.0	187294.0	206347.0	242771.0	285690.0	338055.0	393898.0	457515.0	518663.0	581889.0	641609.0	697622.0	745307.0	794042.0	824463.0	854186.0	881028.0	875317.0	889245.0	878655.0	867070.0	841618.0	1251289.0	19957524.0
U12_U1_RNA_S45_L001_R2	112152.0	164851.0	188917.0	228177.0	271534.0	319534.0	373779.0	437376.0	501405.0	566108.0	624351.0	685451.0	741051.0	789156.0	819414.0	853845.0	883514.0	878420.0	898568.0	892522.0	882455.0	861632.0	1380095.0	19413441.0
U21_N1_RNA_S46_L001_R1	155642.0	211609.0	241237.0	290731.0	341312.0	406163.0	472197.0	545876.0	616631.0	688726.0	757475.0	825397.0	872630.0	930167.0	962199.0	987850.0	1010119.0	998012.0	1004475.0	987235.0	969952.0	941415.0	1279804.0	18567802.0
U21_N1_RNA_S46_L001_R2	119767.0	184517.0	216541.0	268409.0	320851.0	380887.0	447750.0	522886.0	597806.0	674567.0	742408.0	814896.0	869402.0	925142.0	958890.0	989355.0	1015324.0	1001934.0	1015875.0	1000471.0	981288.0	952408.0	1404887.0	18242901.0
U21_U2_RNA_S47_L001_R1	171643.0	224790.0	251104.0	294282.0	345356.0	408631.0	472096.0	544371.0	614275.0	685387.0	756497.0	821987.0	873091.0	929351.0	966000.0	997219.0	1029319.0	1015390.0	1027953.0	1012558.0	995425.0	975042.0	1373432.0	20745062.0
U21_U2_RNA_S47_L001_R2	131860.0	197715.0	226845.0	275480.0	326795.0	385426.0	448146.0	521956.0	594424.0	668860.0	738687.0	808503.0	867813.0	919441.0	958892.0	994963.0	1030314.0	1015985.0	1035606.0	1025837.0	1007453.0	987469.0	1511067.0	20291712.0
U22_N1_RNA_S48_L001_R1	188237.0	254152.0	288571.0	344762.0	406686.0	480046.0	552287.0	634593.0	711498.0	788222.0	858928.0	920352.0	967704.0	1016484.0	1040608.0	1062614.0	1079890.0	1059482.0	1064835.0	1042528.0	1019995.0	992017.0	1374935.0	20565812.0
U22_N1_RNA_S48_L001_R2	148980.0	224500.0	257364.0	315791.0	375108.0	443079.0	513983.0	597936.0	678207.0	758861.0	827152.0	895972.0	953660.0	999063.0	1026655.0	1053101.0	1074713.0	1055494.0	1067904.0	1052661.0	1027328.0	999976.0	1502798.0	20271332.0
U22_U1_RNA_S49_L001_R1	141329.0	180054.0	201890.0	236604.0	278323.0	332201.0	385038.0	446120.0	506016.0	564645.0	625123.0	677361.0	717729.0	760591.0	786983.0	807778.0	827597.0	815683.0	825928.0	813050.0	797333.0	782175.0	1137689.0	18001418.0
U22_U1_RNA_S49_L001_R2	109695.0	161326.0	183402.0	222124.0	262791.0	312700.0	364201.0	427014.0	488754.0	550590.0	609486.0	664812.0	714155.0	753467.0	782104.0	806841.0	829501.0	816838.0	832119.0	824614.0	807941.0	792709.0	1252760.0	17537066.0
U33_N1_RNA_S50_L001_R1	138820.0	168889.0	181232.0	207006.0	244205.0	290578.0	341755.0	399718.0	456384.0	516919.0	575885.0	632005.0	674257.0	724476.0	756426.0	788963.0	815724.0	809311.0	829384.0	820262.0	810417.0	796911.0	1177688.0	18691592.0
U33_N1_RNA_S50_L001_R2	120648.0	163602.0	174842.0	200710.0	233316.0	272265.0	318268.0	373948.0	430761.0	490901.0	546560.0	604761.0	654685.0	700908.0	733609.0	769182.0	799573.0	792815.0	820329.0	817762.0	808939.0	796361.0	1272339.0	18139827.0
U33_U1_RNA_S51_L001_R1	289630.0	339857.0	351251.0	387766.0	436123.0	499168.0	553985.0	630290.0	694787.0	759298.0	820150.0	865933.0	877624.0	915316.0	914796.0	932706.0	943267.0	883121.0	884788.0	840307.0	794608.0	772992.0	1056116.0	15837871.0
U33_U1_RNA_S51_L001_R2	225072.0	291098.0	286896.0	303079.0	328404.0	359581.0	398668.0	450139.0	504293.0	559080.0	604352.0	655662.0	700154.0	729260.0	753230.0	774717.0	812348.0	772552.0	811821.0	800216.0	765260.0	763327.0	1128489.0	15883575.0
U34_N1_RNA_S52_L001_R1	154736.0	199628.0	218721.0	255185.0	297585.0	353257.0	410408.0	472429.0	530302.0	591975.0	645939.0	698410.0	735649.0	779638.0	806392.0	827943.0	848571.0	838227.0	850495.0	839563.0	830120.0	814175.0	1224321.0	19952420.0
U34_N1_RNA_S52_L001_R2	115468.0	170719.0	194172.0	235129.0	278077.0	327052.0	382451.0	445070.0	507016.0	571987.0	625251.0	682103.0	729724.0	770517.0	798303.0	825357.0	849504.0	838590.0	856794.0	851380.0	841506.0	825553.0	1336715.0	19631291.0
U34_U1_RNA_S53_L001_R1	383272.0	464796.0	495533.0	565332.0	638558.0	729450.0	799079.0	897595.0	964661.0	1027200.0	1080647.0	1109555.0	1106155.0	1122987.0	1098459.0	1082969.0	1070696.0	989591.0	968999.0	906808.0	850431.0	813626.0	1077807.0	15666598.0
U34_U1_RNA_S53_L001_R2	346702.0	449870.0	441948.0	465979.0	499964.0	541149.0	589232.0	655958.0	716453.0	774612.0	814011.0	856844.0	894965.0	902674.0	903746.0	898236.0	918410.0	858360.0	876381.0	849878.0	803948.0	789461.0	1149683.0	15719698.0
U43_N1_RNA_S54_L001_R1	129218.0	163396.0	179423.0	207400.0	243614.0	288842.0	334490.0	385226.0	436596.0	486432.0	538074.0	581164.0	618656.0	659155.0	685853.0	712566.0	733368.0	731584.0	747517.0	741360.0	734249.0	724729.0	1090760.0	17589991.0
U43_N1_RNA_S54_L001_R2	114460.0	158272.0	172224.0	200450.0	231790.0	269864.0	311672.0	361884.0	412304.0	463851.0	510761.0	556760.0	599393.0	638346.0	665671.0	694623.0	719711.0	719086.0	740934.0	741535.0	737098.0	726543.0	1183206.0	17108975.0
U43_U1_RNA_S55_L001_R1	153907.0	195504.0	211145.0	243567.0	285886.0	335669.0	380985.0	439940.0	490805.0	545339.0	597297.0	643869.0	676404.0	714756.0	735601.0	755883.0	773873.0	759039.0	767124.0	752628.0	735157.0	717744.0	1125541.0	19051696.0
U43_U1_RNA_S55_L001_R2	143027.0	192176.0	197387.0	223470.0	253780.0	290199.0	330994.0	381253.0	431695.0	483468.0	529333.0	577216.0	617119.0	652308.0	677321.0	699493.0	724704.0	712902.0	732134.0	727582.0	715272.0	705201.0	1188736.0	18656088.0
U44_N1_RNA_S56_L001_R1	137999.0	174089.0	191776.0	222441.0	261082.0	312674.0	359137.0	416295.0	469928.0	524761.0	579658.0	624239.0	663395.0	704931.0	729820.0	750777.0	768337.0	755948.0	767410.0	753527.0	741130.0	722903.0	1066055.0	17003705.0
U44_N1_RNA_S56_L001_R2	110657.0	159244.0	176522.0	209568.0	246473.0	290945.0	336689.0	393519.0	448064.0	506848.0	559009.0	608743.0	655658.0	694037.0	719880.0	744550.0	765810.0	753415.0	770699.0	762939.0	748359.0	731204.0	1157985.0	16593055.0
U44_U1_RNA_S57_L001_R1	170670.0	222571.0	249254.0	292601.0	344695.0	407760.0	464431.0	531730.0	589989.0	645811.0	696932.0	738857.0	766883.0	800974.0	809007.0	821794.0	826692.0	800062.0	801708.0	776722.0	751567.0	728520.0	1056295.0	16672825.0
U44_U1_RNA_S57_L001_R2	164700.0	228955.0	243354.0	279045.0	319888.0	367789.0	419004.0	481090.0	539494.0	596474.0	643374.0	690487.0	728980.0	759233.0	772617.0	789459.0	800171.0	778008.0	787994.0	772515.0	749297.0	728586.0	1136172.0	16145142.0
U55_N2_RNA_S58_L001_R1	134715.0	177681.0	199251.0	239201.0	284814.0	344099.0	406286.0	473936.0	543058.0	615337.0	686236.0	750425.0	807459.0	863057.0	901248.0	933724.0	958328.0	956161.0	971119.0	960051.0	948495.0	928604.0	1295397.0	19390749.0
U55_N2_RNA_S58_L001_R2	96742.0	147036.0	173691.0	217621.0	263884.0	320698.0	382979.0	452579.0	525031.0	601098.0	672007.0	740042.0	804901.0	858612.0	898396.0	935405.0	962017.0	960516.0	980411.0	974411.0	961030.0	939196.0	1433153.0	19099814.0
U55_U1_RNA_S59_L001_R1	127093.0	167390.0	189636.0	223775.0	268859.0	326487.0	383271.0	450101.0	515663.0	586793.0	655277.0	719935.0	773465.0	831808.0	870567.0	904666.0	935136.0	937424.0	953014.0	945413.0	933626.0	915831.0	1297536.0	19774505.0
U55_U1_RNA_S59_L001_R2	89813.0	136561.0	161824.0	201413.0	246960.0	301026.0	357797.0	425727.0	493586.0	567701.0	635440.0	704451.0	765602.0	822863.0	863822.0	902510.0	936231.0	938764.0	961036.0	957749.0	944978.0	926507.0	1433228.0	19536490.0
U56_N1_RNA_S60_L001_R1	130195.0	175306.0	197002.0	235607.0	280295.0	338208.0	397007.0	464202.0	528578.0	597581.0	664602.0	727893.0	779444.0	832090.0	869752.0	899344.0	926991.0	928064.0	942548.0	933091.0	926671.0	908397.0	1293328.0	19775027.0
U56_N1_RNA_S60_L001_R2	93745.0	143951.0	169654.0	212232.0	258473.0	313215.0	373115.0	441215.0	509787.0	582068.0	649522.0	716879.0	776073.0	827626.0	866085.0	900941.0	931288.0	931563.0	952485.0	948054.0	940143.0	919488.0	1434858.0	19543911.0
U56_U1_RNA_S61_L001_R1	124462.0	160319.0	173530.0	203666.0	237962.0	281247.0	326700.0	376304.0	428258.0	484556.0	536100.0	592381.0	638517.0	685949.0	722102.0	758011.0	788739.0	798613.0	820966.0	821868.0	825516.0	819581.0	1263110.0	21031803.0
U56_U1_RNA_S61_L001_R2	90502.0	132619.0	151443.0	183351.0	218073.0	258097.0	302813.0	355264.0	409287.0	467915.0	519070.0	578346.0	630364.0	678514.0	713949.0	754787.0	789417.0	799073.0	827193.0	833152.0	836481.0	828993.0	1403857.0	20688215.0
U65_N1_RNA_S62_L001_R1	140749.0	179416.0	194837.0	226816.0	267271.0	316577.0	368168.0	426987.0	487241.0	551668.0	617109.0	678052.0	730601.0	790417.0	833333.0	870932.0	909091.0	915660.0	941332.0	940051.0	938945.0	926063.0	1365393.0	21354683.0
U65_N1_RNA_S62_L001_R2	94764.0	143245.0	165629.0	201492.0	243053.0	289894.0	341128.0	401637.0	463828.0	531284.0	598182.0	662897.0	724348.0	781313.0	827227.0	869119.0	911067.0	917501.0	950098.0	953685.0	951824.0	938801.0	1497399.0	21149087.0
U65_U2_RNA_S63_L001_R1	148655.0	189800.0	211003.0	250197.0	299342.0	357988.0	420701.0	490095.0	562914.0	634551.0	707073.0	772243.0	825843.0	884121.0	919646.0	950872.0	981302.0	974107.0	988835.0	976859.0	962774.0	938860.0	1316721.0	19545370.0
U65_U2_RNA_S63_L001_R2	109902.0	163045.0	188357.0	230991.0	280008.0	334194.0	394861.0	466685.0	541474.0	616055.0	686596.0	756520.0	819353.0	873187.0	910525.0	945958.0	977976.0	971399.0	992529.0	986157.0	970662.0	945630.0	1438091.0	19146888.0
U66_N1_RNA_S64_L001_R1	128015.0	163821.0	181976.0	213439.0	253452.0	303246.0	352473.0	409874.0	469699.0	528037.0	585844.0	638722.0	686128.0	735841.0	769348.0	797690.0	825332.0	827324.0	843981.0	839574.0	835489.0	824268.0	1241480.0	20110048.0
U66_N1_RNA_S64_L001_R2	110849.0	161963.0	183691.0	219675.0	259338.0	304789.0	354142.0	412124.0	472777.0	535100.0	591674.0	648162.0	700428.0	747717.0	782096.0	813682.0	843613.0	842601.0	866521.0	866906.0	863360.0	847065.0	1412898.0	19094550.0
U66_U1_RNA_S65_L001_R1	218361.0	280631.0	304218.0	357702.0	420094.0	492582.0	562729.0	639843.0	709674.0	777095.0	839082.0	887562.0	920103.0	959364.0	971549.0	979203.0	988522.0	958945.0	961991.0	933065.0	905727.0	875665.0	1275495.0	19695635.0
U66_U1_RNA_S65_L001_R2	198275.0	275867.0	295987.0	341981.0	393841.0	452675.0	514959.0	588908.0	657828.0	728120.0	785126.0	838692.0	883167.0	916057.0	932289.0	943638.0	958178.0	930363.0	942422.0	923378.0	896033.0	868947.0	1349963.0	19114464.0
U77_N1_RNA_S66_L001_R1	139696.0	179528.0	200688.0	238132.0	284531.0	343059.0	404699.0	471312.0	539607.0	611251.0	684098.0	751530.0	804116.0	866042.0	902727.0	937944.0	967102.0	964938.0	976711.0	964592.0	949648.0	930065.0	1255241.0	18031587.0
U77_N1_RNA_S66_L001_R2	104835.0	153991.0	178158.0	218581.0	263746.0	317887.0	377929.0	446781.0	518176.0	593230.0	664051.0	735199.0	793500.0	854287.0	892028.0	932059.0	964996.0	961954.0	981507.0	975013.0	955992.0	935735.0	1370585.0	17699348.0
U77_U1_RNA_S67_L001_R1	129134.0	169024.0	192398.0	231259.0	273556.0	326595.0	373235.0	428217.0	475977.0	520642.0	561559.0	596437.0	615982.0	639229.0	649441.0	654099.0	657990.0	639529.0	637681.0	618025.0	599066.0	579269.0	845920.0	13441614.0
U77_U1_RNA_S67_L001_R2	112495.0	163495.0	183353.0	220585.0	257306.0	302516.0	347057.0	399714.0	448386.0	494265.0	532283.0	569567.0	594966.0	616024.0	629784.0	636784.0	644879.0	627462.0	631984.0	617931.0	599181.0	582042.0	916749.0	13099179.0
U78_N1_RNA_S68_L001_R1	209688.0	265760.0	296589.0	352269.0	416422.0	498494.0	572688.0	664336.0	747143.0	830947.0	911972.0	987055.0	1041497.0	1104905.0	1131798.0	1166097.0	1184003.0	1167454.0	1176908.0	1145730.0	1120601.0	1090841.0	1471959.0	20848077.0
U78_N1_RNA_S68_L001_R2	180295.0	251944.0	272805.0	322094.0	375365.0	440717.0	512578.0	601983.0	685748.0	772049.0	848895.0	927553.0	993702.0	1053313.0	1085313.0	1126233.0	1151708.0	1137081.0	1157339.0	1137225.0	1111480.0	1085175.0	1560866.0	20588159.0
U78_U1_RNA_S69_L001_R1	170491.0	206911.0	223763.0	260524.0	306190.0	365488.0	421713.0	486344.0	547557.0	609588.0	671495.0	730268.0	776411.0	825097.0	857550.0	885507.0	913785.0	905276.0	925463.0	914807.0	906681.0	896031.0	1437556.0	24891222.0
U78_U1_RNA_S69_L001_R2	126955.0	179820.0	199740.0	238904.0	281483.0	330787.0	385063.0	448216.0	512175.0	577784.0	636386.0	697006.0	751262.0	798272.0	833955.0	865940.0	900966.0	894127.0	924625.0	923122.0	917001.0	910862.0	1575589.0	24409705.0
U87_N1_RNA_S70_L001_R1	203530.0	270847.0	303558.0	353426.0	417904.0	490830.0	563956.0	651415.0	740554.0	823023.0	902241.0	974457.0	1026573.0	1082255.0	1116785.0	1147930.0	1171498.0	1153943.0	1159742.0	1141666.0	1112616.0	1082582.0	1534922.0	23153677.0
U87_N1_RNA_S70_L001_R2	188408.0	267001.0	290316.0	337144.0	393224.0	452625.0	523692.0	604910.0	686228.0	768907.0	841922.0	918372.0	980467.0	1032482.0	1071847.0	1107115.0	1138039.0	1123487.0	1139920.0	1133245.0	1108357.0	1079306.0	1646114.0	22489801.0
U87_U1_RNA_S71_L001_R1	211719.0	268829.0	296563.0	348744.0	404701.0	478657.0	542637.0	621022.0	689978.0	759637.0	825176.0	880319.0	923982.0	976064.0	998577.0	1024083.0	1041081.0	1017081.0	1022950.0	998883.0	972067.0	942497.0	1292464.0	18862064.0
U87_U1_RNA_S71_L001_R2	175186.0	248097.0	268364.0	312338.0	358275.0	416422.0	476418.0	551451.0	622100.0	694829.0	757854.0	820778.0	880381.0	927024.0	955725.0	987125.0	1012756.0	991233.0	1007786.0	993856.0	965470.0	941750.0	1365252.0	18610698.0
U88_N1_RNA_S72_L001_R1	150542.0	176713.0	183399.0	205059.0	238583.0	280777.0	325216.0	376151.0	429176.0	481851.0	537666.0	587007.0	628055.0	678298.0	710767.0	743310.0	775538.0	770974.0	795263.0	791713.0	786025.0	781314.0	1197414.0	19840799.0
U88_N1_RNA_S72_L001_R2	105191.0	144871.0	157330.0	184208.0	214670.0	250635.0	291749.0	342176.0	395319.0	448952.0	502352.0	555704.0	607152.0	653282.0	688638.0	725426.0	762157.0	758200.0	789258.0	793260.0	788740.0	787823.0	1295850.0	19529329.0
U88_U1_RNA_S73_L001_R1	207421.0	256818.0	281894.0	333791.0	396811.0	476074.0	554012.0	641732.0	727541.0	805723.0	884073.0	950526.0	995132.0	1050736.0	1072520.0	1098014.0	1117643.0	1083200.0	1092904.0	1063164.0	1032194.0	1003851.0	1368275.0	20118068.0
U88_U1_RNA_S73_L001_R2	176592.0	243892.0	259871.0	302876.0	355379.0	417322.0	487639.0	569596.0	653509.0	730695.0	804006.0	875777.0	938944.0	984883.0	1014608.0	1043690.0	1074028.0	1043664.0	1065677.0	1049405.0	1019654.0	997605.0	1462338.0	19924150.0
U910_N2_RNA_S74_L001_R1	191796.0	249238.0	282090.0	334140.0	398835.0	474657.0	555010.0	642329.0	723198.0	804367.0	879512.0	941393.0	990343.0	1043330.0	1071871.0	1094290.0	1116348.0	1088023.0	1095079.0	1073196.0	1044511.0	1020128.0	1437776.0	22090041.0
U910_N2_RNA_S74_L001_R2	145501.0	217791.0	254572.0	310495.0	373488.0	441390.0	517794.0	604563.0	688241.0	771282.0	844188.0	911362.0	973168.0	1020346.0	1052390.0	1080290.0	1108027.0	1079628.0	1096450.0	1082971.0	1055132.0	1032095.0	1587699.0	21696327.0
U910_U2_RNA_S75_L001_R1	186298.0	255789.0	294934.0	361365.0	431515.0	518789.0	603667.0	694184.0	782282.0	862265.0	932938.0	997980.0	1044311.0	1093493.0	1114328.0	1129886.0	1144120.0	1111593.0	1109121.0	1082629.0	1047360.0	1010638.0	1334172.0	19011905.0
U910_U2_RNA_S75_L001_R2	136458.0	216739.0	260525.0	330870.0	401417.0	483828.0	568458.0	662193.0	754469.0	839197.0	909591.0	980525.0	1039738.0	1081862.0	1105644.0	1126851.0	1144677.0	1112134.0	1117092.0	1096244.0	1057701.0	1020303.0	1461802.0	18807970.0
U99_N2_RNA_S76_L001_R1	102720.0	130378.0	142025.0	167314.0	198757.0	236901.0	275985.0	322059.0	365853.0	409027.0	451594.0	491498.0	521036.0	556249.0	575353.0	593073.0	608802.0	601139.0	607881.0	599283.0	588087.0	575122.0	828976.0	13039143.0
U99_N2_RNA_S76_L001_R2	73646.0	110019.0	126874.0	156139.0	188208.0	224058.0	262803.0	308739.0	354086.0	399501.0	441631.0	483813.0	520946.0	552574.0	573581.0	594610.0	611672.0	603031.0	614425.0	609800.0	597822.0	583093.0	925975.0	12735148.0
U99_U2_RNA_S77_L001_R1	239530.0	323051.0	368406.0	445843.0	531004.0	631302.0	727228.0	833391.0	930824.0	1021246.0	1105980.0	1173850.0	1222169.0	1273675.0	1293865.0	1308797.0	1320581.0	1283384.0	1283063.0	1248780.0	1205346.0	1169174.0	1566944.0	22583148.0
U99_U2_RNA_S77_L001_R2	190576.0	290224.0	333831.0	412350.0	492275.0	583083.0	676896.0	784611.0	886562.0	982223.0	1064201.0	1141067.0	1205355.0	1249598.0	1275288.0	1296490.0	1314121.0	1277740.0	1287565.0	1261375.0	1214685.0	1179055.0	1706675.0	22256255.0
